# time (ps)       Fabs (J/m^2)       E_el (J/m^2)      E_lat (J/m^2)       Delta_E (%)
        0.00001000           0.00644755           0.00640337           0.00000003      0.00685
        0.01000000           6.43270376           6.34621157           0.01358959      0.01133
        0.02000000          12.77699206          12.58205513           0.04191190      0.01198
        0.03000000          18.94803575          18.63509999           0.07994261      0.01230
        0.04000000          24.86802181          24.43164246           0.12563964      0.01250
        0.05000000          30.46906728          29.90645114           0.17770596      0.01263
        0.06000000          35.69548193          35.00579587           0.23517637      0.01273
        0.07000000          40.50525933          39.68917119           0.29727086      0.01281
        0.08000000          44.87074374          43.93006100           0.36332905      0.01287
        0.09000000          48.77848908          47.71585133           0.43277718      0.01291
        0.10000000          52.22838834          51.04699915           0.50511010      0.01295
        0.11000000          55.23220153          53.93559596           0.57988079      0.01298
        0.12000000          57.81164355          56.40349122           0.65669389      0.01300
        0.13000000          59.99620851          58.48015269           0.73520114      0.01302
        0.14000000          61.82090443          60.20043685           0.81509795      0.01303
        0.15000000          63.32405462          61.60242444           0.89612022      0.01304
        0.16000000          64.54529340          62.72544741           0.97804135      0.01304
        0.17000000          65.52384818          63.60839831           1.06066909      0.01305
        0.18000000          66.29716244          64.28837607           1.14384235      0.01305
        0.19000000          66.89987916          64.79968710           1.22742788      0.01305
        0.20000000          67.36317328          65.17319089           1.31131692      0.01304
        0.21000000          67.71439928          65.43595612           1.39542194      0.01304
        0.22000000          67.97700419          65.61117838           1.47967348      0.01304
        0.23000000          68.17064878          65.71830299           1.56401721      0.01303
        0.24000000          68.31147847          65.77329518           1.64841127      0.01303
        0.25000000          68.41248963          65.78900395           1.73282385      0.01302
        0.26000000          68.48394433          65.77557337           1.81723113      0.01301
        0.27000000          68.53379587          65.74086408           1.90161557      0.01301
        0.28000000          68.56809734          65.69085789           1.98596442      0.01300
        0.29000000          68.59137466          65.63002683           2.07026854      0.01299
        0.30000000          68.60695367          65.56165674           2.15452149      0.01298
        0.31000000          68.61723697          65.48812109           2.23871880      0.01298
        0.32000000          68.62393137          65.41110577           2.32285741      0.01297
        0.33000000          68.62822948          65.33178867           2.40693523      0.01296
        0.34000000          68.63095112          65.25097939           2.49095090      0.01295
        0.35000000          68.63265080          65.16922550           2.57490351      0.01295
        0.36000000          68.63369766          65.08689144           2.65879249      0.01294
        0.37000000          68.63433358          65.00421601           2.74261746      0.01293
        0.38000000          68.63471456          64.92135318           2.82637819      0.01292
        0.39000000          68.63493967          64.83840073           2.91007456      0.01292
        0.40000000          68.63507084          64.75541979           2.99370647      0.01291
        0.41000000          68.63514623          64.67244799           3.07727388      0.01290
        0.42000000          68.63518896          64.58950813           3.16077677      0.01289
        0.43000000          68.63521285          64.50661383           3.24421513      0.01289
        0.44000000          68.63522602          64.42377310           3.32758897      0.01288
        0.45000000          68.63523318          64.34099055           3.41089828      0.01287
        0.46000000          68.63523702          64.25826884           3.49414307      0.01286
        0.47000000          68.63523905          64.17560944           3.57732336      0.01286
        0.48000000          68.63524011          64.09301316           3.66043915      0.01285
        0.49000000          68.63524066          64.01048043           3.74349046      0.01284
        0.50000000          68.63524093          63.92801150           3.82647730      0.01283
        0.51000000          68.63524107          63.84560646           3.90939968      0.01282
        0.52000000          68.63524114          63.76326538           3.99225761      0.01282
        0.53000000          68.63524117          63.68098827           4.07505111      0.01281
        0.54000000          68.63524119          63.59877514           4.15778020      0.01280
        0.55000000          68.63524120          63.51662599           4.24044487      0.01279
        0.56000000          68.63524120          63.43454081           4.32304515      0.01279
        0.57000000          68.63524120          63.35251957           4.40558106      0.01278
        0.58000000          68.63524120          63.27056229           4.48805259      0.01277
        0.59000000          68.63524120          63.18866892           4.57045977      0.01276
        0.60000000          68.63524120          63.10683948           4.65280261      0.01276
        0.61000000          68.63524120          63.02507394           4.73508112      0.01275
        0.62000000          68.63524120          62.94337228           4.81729532      0.01274
        0.63000000          68.63524120          62.86173451           4.89944522      0.01273
        0.64000000          68.63524120          62.78016059           4.98153083      0.01273
        0.65000000          68.63524120          62.69865053           5.06355216      0.01272
        0.66000000          68.63524120          62.61720430           5.14550924      0.01271
        0.67000000          68.63524120          62.53582190           5.22740206      0.01271
        0.68000000          68.63524120          62.45450330           5.30923065      0.01270
        0.69000000          68.63524120          62.37324850           5.39099502      0.01269
        0.70000000          68.63524120          62.29205749           5.47269518      0.01268
        0.71000000          68.63524120          62.21093024           5.55433115      0.01268
        0.72000000          68.63524120          62.12986675           5.63590293      0.01267
        0.73000000          68.63524120          62.04886701           5.71741054      0.01266
        0.74000000          68.63524120          61.96793099           5.79885400      0.01265
        0.75000000          68.63524120          61.88705870           5.88023332      0.01265
        0.76000000          68.63524120          61.80625010           5.96154851      0.01264
        0.77000000          68.63524120          61.72550520           6.04279958      0.01263
        0.78000000          68.63524120          61.64482397           6.12398656      0.01262
        0.79000000          68.63524120          61.56420641           6.20510944      0.01262
        0.80000000          68.63524120          61.48365250           6.28616825      0.01261
        0.81000000          68.63524120          61.40316223           6.36716299      0.01260
        0.82000000          68.63524120          61.32273558           6.44809369      0.01259
        0.83000000          68.63524120          61.24237254           6.52896035      0.01259
        0.84000000          68.63524120          61.16207310           6.60976299      0.01258
        0.85000000          68.63524120          61.08183725           6.69050162      0.01257
        0.86000000          68.63524120          61.00166497           6.77117626      0.01256
        0.87000000          68.63524120          60.92155624           6.85178691      0.01256
        0.88000000          68.63524120          60.84151106           6.93233360      0.01255
        0.89000000          68.63524120          60.76152941           7.01281633      0.01254
        0.90000000          68.63524120          60.68161128           7.09323512      0.01254
        0.91000000          68.63524120          60.60175665           7.17358998      0.01253
        0.92000000          68.63524120          60.52196552           7.25388093      0.01252
        0.93000000          68.63524120          60.44223786           7.33410797      0.01251
        0.94000000          68.63524120          60.36257367           7.41427113      0.01251
        0.95000000          68.63524120          60.28297293           7.49437041      0.01250
        0.96000000          68.63524120          60.20343563           7.57440583      0.01249
        0.97000000          68.63524120          60.12396176           7.65437740      0.01248
        0.98000000          68.63524120          60.04455129           7.73428513      0.01248
        0.99000000          68.63524120          59.96520423           7.81412905      0.01247
        1.00000000          68.63524120          59.88592055           7.89390916      0.01246
        1.01000000          68.63524120          59.80670024           7.97362547      0.01246
        1.02000000          68.63524120          59.72754329           8.05327801      0.01245
        1.03000000          68.63524120          59.64844968           8.13286677      0.01244
        1.04000000          68.63524120          59.56941941           8.21239178      0.01243
        1.05000000          68.63524120          59.49045245           8.29185305      0.01243
        1.06000000          68.63524120          59.41154880           8.37125060      0.01242
        1.07000000          68.63524120          59.33270845           8.45058443      0.01241
        1.08000000          68.63524120          59.25393137           8.52985456      0.01241
        1.09000000          68.63524120          59.17521755           8.60906100      0.01240
        1.10000000          68.63524120          59.09656699           8.68820377      0.01239
        1.11000000          68.63524120          59.01797966           8.76728288      0.01238
        1.12000000          68.63524120          58.93945556           8.84629835      0.01238
        1.13000000          68.63524120          58.86099467           8.92525018      0.01237
        1.14000000          68.63524120          58.78259698           9.00413839      0.01236
        1.15000000          68.63524120          58.70426247           9.08296300      0.01236
        1.16000000          68.63524120          58.62599113           9.16172401      0.01235
        1.17000000          68.63524120          58.54778295           9.24042145      0.01234
        1.18000000          68.63524120          58.46963792           9.31905532      0.01233
        1.19000000          68.63524120          58.39155602           9.39762564      0.01233
        1.20000000          68.63524120          58.31353723           9.47613242      0.01232
        1.21000000          68.63524120          58.23558155           9.55457568      0.01231
        1.22000000          68.63524120          58.15768896           9.63295543      0.01231
        1.23000000          68.63524120          58.07985944           9.71127167      0.01230
        1.24000000          68.63524120          58.00209299           9.78952444      0.01229
        1.25000000          68.63524120          57.92438959           9.86771373      0.01228
        1.26000000          68.63524120          57.84674922           9.94583957      0.01228
        1.27000000          68.63524120          57.76917188          10.02390197      0.01227
        1.28000000          68.63524120          57.69165755          10.10190093      0.01226
        1.29000000          68.63524120          57.61420621          10.17983648      0.01226
        1.30000000          68.63524120          57.53681786          10.25770863      0.01225
        1.31000000          68.63524120          57.45949247          10.33551738      0.01224
        1.32000000          68.63524120          57.38223004          10.41326277      0.01223
        1.33000000          68.63524120          57.30503056          10.49094479      0.01223
        1.34000000          68.63524120          57.22789400          10.56856346      0.01222
        1.35000000          68.63524120          57.15082036          10.64611880      0.01221
        1.36000000          68.63524120          57.07380962          10.72361082      0.01221
        1.37000000          68.63524120          56.99686176          10.80103953      0.01220
        1.38000000          68.63524120          56.91997678          10.87840494      0.01219
        1.39000000          68.63524120          56.84315467          10.95570708      0.01219
        1.40000000          68.63524120          56.76639540          11.03294595      0.01218
        1.41000000          68.63524120          56.68969896          11.11012157      0.01217
        1.42000000          68.63524120          56.61306534          11.18723395      0.01216
        1.43000000          68.63524120          56.53649453          11.26428310      0.01216
        1.44000000          68.63524120          56.45998652          11.34126905      0.01215
        1.45000000          68.63524120          56.38354128          11.41819179      0.01214
        1.46000000          68.63524120          56.30715881          11.49505135      0.01214
        1.47000000          68.63524120          56.23083909          11.57184774      0.01213
        1.48000000          68.63524120          56.15458211          11.64858097      0.01212
        1.49000000          68.63524120          56.07838786          11.72525106      0.01212
        1.50000000          68.63524120          56.00225631          11.80185802      0.01211
        1.51000000          68.63524120          55.92618747          11.87840187      0.01210
        1.52000000          68.63524120          55.85018131          11.95488261      0.01210
        1.53000000          68.63524120          55.77423782          12.03130026      0.01209
        1.54000000          68.63524120          55.69835699          12.10765484      0.01208
        1.55000000          68.63524120          55.62253880          12.18394636      0.01207
        1.56000000          68.63524120          55.54678324          12.26017483      0.01207
        1.57000000          68.63524120          55.47109030          12.33634027      0.01206
        1.58000000          68.63524120          55.39545996          12.41244269      0.01205
        1.59000000          68.63524120          55.31989221          12.48848210      0.01205
        1.60000000          68.63524120          55.24438703          12.56445852      0.01204
        1.61000000          68.63524120          55.16894442          12.64037196      0.01203
        1.62000000          68.63524120          55.09356435          12.71622244      0.01203
        1.63000000          68.63524120          55.01824682          12.79200997      0.01202
        1.64000000          68.63524120          54.94299181          12.86773456      0.01201
        1.65000000          68.63524120          54.86779930          12.94339622      0.01201
        1.66000000          68.63524120          54.79266929          13.01899498      0.01200
        1.67000000          68.63524120          54.71760176          13.09453084      0.01199
        1.68000000          68.63524120          54.64259669          13.17000382      0.01199
        1.69000000          68.63524120          54.56765408          13.24541393      0.01198
        1.70000000          68.63524120          54.49277390          13.32076119      0.01197
        1.71000000          68.63524120          54.41795615          13.39604560      0.01197
        1.72000000          68.63524120          54.34320081          13.47126719      0.01196
        1.73000000          68.63524120          54.26850787          13.54642597      0.01195
        1.74000000          68.63524120          54.19387731          13.62152195      0.01194
        1.75000000          68.63524120          54.11930912          13.69655514      0.01194
        1.76000000          68.63524120          54.04480328          13.77152556      0.01193
        1.77000000          68.63524120          53.97035979          13.84643323      0.01192
        1.78000000          68.63524120          53.89597863          13.92127815      0.01192
        1.79000000          68.63524120          53.82165978          13.99606034      0.01191
        1.80000000          68.63524120          53.74740323          14.07077982      0.01190
        1.81000000          68.63524120          53.67320897          14.14543659      0.01190
        1.82000000          68.63524120          53.59907698          14.22003068      0.01189
        1.83000000          68.63524120          53.52500725          14.29456209      0.01188
        1.84000000          68.63524120          53.45099977          14.36903084      0.01188
        1.85000000          68.63524120          53.37705452          14.44343694      0.01187
        1.86000000          68.63524120          53.30317149          14.51778042      0.01186
        1.87000000          68.63524120          53.22935066          14.59206127      0.01186
        1.88000000          68.63524120          53.15559202          14.66627952      0.01185
        1.89000000          68.63524120          53.08189556          14.74043518      0.01184
        1.90000000          68.63524120          53.00826126          14.81452826      0.01184
        1.91000000          68.63524120          52.93468911          14.88855878      0.01183
        1.92000000          68.63524120          52.86117909          14.96252676      0.01182
        1.93000000          68.63524120          52.78773119          15.03643219      0.01182
        1.94000000          68.63524120          52.71434541          15.11027511      0.01181
        1.95000000          68.63524120          52.64102171          15.18405552      0.01180
        1.96000000          68.63524120          52.56776010          15.25777343      0.01180
        1.97000000          68.63524120          52.49456055          15.33142887      0.01179
        1.98000000          68.63524120          52.42142305          15.40502184      0.01178
        1.99000000          68.63524120          52.34834759          15.47855236      0.01178
        2.00000000          68.63524120          52.27533416          15.55202045      0.01177
        2.01000000          68.63524120          52.20238273          15.62542611      0.01176
        2.02000000          68.63524120          52.12949330          15.69876936      0.01176
        2.03000000          68.63524120          52.05666586          15.77205022      0.01175
        2.04000000          68.63524120          51.98390038          15.84526870      0.01174
        2.05000000          68.63524120          51.91119685          15.91842481      0.01174
        2.06000000          68.63524120          51.83855527          15.99151857      0.01173
        2.07000000          68.63524120          51.76597561          16.06454999      0.01172
        2.08000000          68.63524120          51.69345787          16.13751908      0.01172
        2.09000000          68.63524120          51.62100202          16.21042587      0.01171
        2.10000000          68.63524120          51.54860806          16.28327035      0.01170
        2.11000000          68.63524120          51.47627596          16.35605256      0.01170
        2.12000000          68.63524120          51.40400573          16.42877249      0.01169
        2.13000000          68.63524120          51.33179734          16.50143018      0.01169
        2.14000000          68.63524120          51.25965077          16.57402562      0.01168
        2.15000000          68.63524120          51.18756602          16.64655883      0.01167
        2.16000000          68.63524120          51.11554307          16.71902984      0.01167
        2.17000000          68.63524120          51.04358191          16.79143864      0.01166
        2.18000000          68.63524120          50.97168252          16.86378527      0.01165
        2.19000000          68.63524120          50.89984489          16.93606972      0.01165
        2.20000000          68.63524120          50.82806901          17.00829202      0.01164
        2.21000000          68.63524120          50.75635485          17.08045217      0.01163
        2.22000000          68.63524120          50.68470241          17.15255020      0.01163
        2.23000000          68.63524120          50.61311167          17.22458612      0.01162
        2.24000000          68.63524120          50.54158262          17.29655993      0.01161
        2.25000000          68.63524120          50.47011525          17.36847167      0.01161
        2.26000000          68.63524120          50.39870954          17.44032133      0.01160
        2.27000000          68.63524120          50.32736547          17.51210893      0.01159
        2.28000000          68.63524120          50.25608303          17.58383450      0.01159
        2.29000000          68.63524120          50.18486221          17.65549803      0.01158
        2.30000000          68.63524120          50.11370300          17.72709955      0.01157
        2.31000000          68.63524120          50.04260537          17.79863907      0.01157
        2.32000000          68.63524120          49.97156933          17.87011661      0.01156
        2.33000000          68.63524120          49.90059484          17.94153218      0.01156
        2.34000000          68.63524120          49.82968190          18.01288578      0.01155
        2.35000000          68.63524120          49.75883049          18.08417745      0.01154
        2.36000000          68.63524120          49.68804060          18.15540719      0.01154
        2.37000000          68.63524120          49.61731222          18.22657501      0.01153
        2.38000000          68.63524120          49.54664533          18.29768093      0.01152
        2.39000000          68.63524120          49.47603991          18.36872497      0.01152
        2.40000000          68.63524120          49.40549596          18.43970713      0.01151
        2.41000000          68.63524120          49.33501346          18.51062744      0.01150
        2.42000000          68.63524120          49.26459239          18.58148591      0.01150
        2.43000000          68.63524120          49.19423274          18.65228254      0.01149
        2.44000000          68.63524120          49.12393449          18.72301736      0.01149
        2.45000000          68.63524120          49.05369764          18.79369039      0.01148
        2.46000000          68.63524120          48.98352216          18.86430162      0.01147
        2.47000000          68.63524120          48.91340805          18.93485109      0.01147
        2.48000000          68.63524120          48.84335529          19.00533880      0.01146
        2.49000000          68.63524120          48.77336386          19.07576476      0.01145
        2.50000000          68.63524120          48.70343375          19.14612900      0.01145
        2.51000000          68.63524120          48.63356495          19.21643152      0.01144
        2.52000000          68.63524120          48.56375744          19.28667234      0.01143
        2.53000000          68.63524120          48.49401121          19.35685148      0.01143
        2.54000000          68.63524120          48.42432624          19.42696895      0.01142
        2.55000000          68.63524120          48.35470252          19.49702476      0.01142
        2.56000000          68.63524120          48.28514003          19.56701893      0.01141
        2.57000000          68.63524120          48.21563877          19.63695147      0.01140
        2.58000000          68.63524120          48.14619871          19.70682239      0.01140
        2.59000000          68.63524120          48.07681985          19.77663172      0.01139
        2.60000000          68.63524120          48.00750216          19.84637946      0.01138
        2.61000000          68.63524120          47.93824564          19.91606563      0.01138
        2.62000000          68.63524120          47.86905026          19.98569025      0.01137
        2.63000000          68.63524120          47.79991602          20.05525333      0.01137
        2.64000000          68.63524120          47.73084290          20.12475487      0.01136
        2.65000000          68.63524120          47.66183089          20.19419491      0.01135
        2.66000000          68.63524120          47.59287997          20.26357345      0.01135
        2.67000000          68.63524120          47.52399012          20.33289050      0.01134
        2.68000000          68.63524120          47.45516134          20.40214608      0.01133
        2.69000000          68.63524120          47.38639361          20.47134021      0.01133
        2.70000000          68.63524120          47.31768691          20.54047290      0.01132
        2.71000000          68.63524120          47.24904123          20.60954417      0.01132
        2.72000000          68.63524120          47.18045656          20.67855402      0.01131
        2.73000000          68.63524120          47.11193288          20.74750248      0.01130
        2.74000000          68.63524120          47.04347017          20.81638955      0.01130
        2.75000000          68.63524120          46.97506843          20.88521525      0.01129
        2.76000000          68.63524120          46.90672764          20.95397961      0.01128
        2.77000000          68.63524120          46.83844778          21.02268262      0.01128
        2.78000000          68.63524120          46.77022883          21.09132431      0.01127
        2.79000000          68.63524120          46.70207080          21.15990469      0.01127
        2.80000000          68.63524120          46.63397365          21.22842378      0.01126
        2.81000000          68.63524120          46.56593738          21.29688158      0.01125
        2.82000000          68.63524120          46.49796197          21.36527812      0.01125
        2.83000000          68.63524120          46.43004741          21.43361341      0.01124
        2.84000000          68.63524120          46.36219368          21.50188746      0.01124
        2.85000000          68.63524120          46.29440076          21.57010028      0.01123
        2.86000000          68.63524120          46.22666865          21.63825191      0.01122
        2.87000000          68.63524120          46.15899733          21.70634233      0.01122
        2.88000000          68.63524120          46.09138679          21.77437158      0.01121
        2.89000000          68.63524120          46.02383700          21.84233967      0.01121
        2.90000000          68.63524120          45.95634796          21.91024660      0.01120
        2.91000000          68.63524120          45.88891965          21.97809241      0.01119
        2.92000000          68.63524120          45.82155205          22.04587709      0.01119
        2.93000000          68.63524120          45.75424516          22.11360066      0.01118
        2.94000000          68.63524120          45.68699896          22.18126315      0.01117
        2.95000000          68.63524120          45.61981342          22.24886456      0.01117
        2.96000000          68.63524120          45.55268855          22.31640491      0.01116
        2.97000000          68.63524120          45.48562432          22.38388421      0.01116
        2.98000000          68.63524120          45.41862072          22.45130248      0.01115
        2.99000000          68.63524120          45.35167773          22.51865974      0.01114
        3.00000000          68.63524120          45.28479534          22.58595599      0.01114
        3.01000000          68.63524120          45.21797354          22.65319125      0.01113
        3.02000000          68.63524120          45.15121230          22.72036554      0.01113
        3.03000000          68.63524120          45.08451163          22.78747887      0.01112
        3.04000000          68.63524120          45.01787149          22.85453126      0.01111
        3.05000000          68.63524120          44.95129188          22.92152272      0.01111
        3.06000000          68.63524120          44.88477278          22.98845327      0.01110
        3.07000000          68.63524120          44.81831418          23.05532291      0.01110
        3.08000000          68.63524120          44.75191607          23.12213168      0.01109
        3.09000000          68.63524120          44.68557842          23.18887957      0.01108
        3.10000000          68.63524120          44.61930122          23.25556661      0.01108
        3.11000000          68.63524120          44.55308446          23.32219280      0.01107
        3.12000000          68.63524120          44.48692813          23.38875817      0.01107
        3.13000000          68.63524120          44.42083220          23.45526273      0.01106
        3.14000000          68.63524120          44.35479667          23.52170650      0.01105
        3.15000000          68.63524120          44.28882152          23.58808948      0.01105
        3.16000000          68.63524120          44.22290674          23.65441170      0.01104
        3.17000000          68.63524120          44.15705230          23.72067317      0.01104
        3.18000000          68.63524120          44.09125820          23.78687390      0.01103
        3.19000000          68.63524120          44.02552443          23.85301391      0.01102
        3.20000000          68.63524120          43.95985095          23.91909321      0.01102
        3.21000000          68.63524120          43.89423777          23.98511182      0.01101
        3.22000000          68.63524120          43.82868487          24.05106975      0.01101
        3.23000000          68.63524120          43.76319222          24.11696702      0.01100
        3.24000000          68.63524120          43.69775983          24.18280365      0.01100
        3.25000000          68.63524120          43.63238766          24.24857964      0.01099
        3.26000000          68.63524120          43.56707572          24.31429501      0.01098
        3.27000000          68.63524120          43.50182397          24.37994978      0.01098
        3.28000000          68.63524120          43.43663242          24.44554397      0.01097
        3.29000000          68.63524120          43.37150104          24.51107758      0.01097
        3.30000000          68.63524120          43.30642981          24.57655063      0.01096
        3.31000000          68.63524120          43.24141873          24.64196314      0.01095
        3.32000000          68.63524120          43.17646778          24.70731512      0.01095
        3.33000000          68.63524120          43.11157694          24.77260659      0.01094
        3.34000000          68.63524120          43.04674619          24.83783757      0.01094
        3.35000000          68.63524120          42.98197554          24.90300806      0.01093
        3.36000000          68.63524120          42.91726495          24.96811808      0.01093
        3.37000000          68.63524120          42.85261441          25.03316765      0.01092
        3.38000000          68.63524120          42.78802392          25.09815678      0.01091
        3.39000000          68.63524120          42.72349345          25.16308548      0.01091
        3.40000000          68.63524120          42.65902299          25.22795378      0.01090
        3.41000000          68.63524120          42.59461252          25.29276169      0.01090
        3.42000000          68.63524120          42.53026203          25.35750922      0.01089
        3.43000000          68.63524120          42.46597151          25.42219639      0.01088
        3.44000000          68.63524120          42.40174093          25.48682321      0.01088
        3.45000000          68.63524120          42.33757029          25.55138969      0.01087
        3.46000000          68.63524120          42.27345957          25.61589586      0.01087
        3.47000000          68.63524120          42.20940876          25.68034173      0.01086
        3.48000000          68.63524120          42.14541783          25.74472731      0.01086
        3.49000000          68.63524120          42.08148678          25.80905262      0.01085
        3.50000000          68.63524120          42.01761559          25.87331767      0.01084
        3.51000000          68.63524120          41.95380424          25.93752248      0.01084
        3.52000000          68.63524120          41.89005273          26.00166706      0.01083
        3.53000000          68.63524120          41.82636102          26.06575143      0.01083
        3.54000000          68.63524120          41.76272912          26.12977560      0.01082
        3.55000000          68.63524120          41.69915700          26.19373959      0.01082
        3.56000000          68.63524120          41.63564465          26.25764342      0.01081
        3.57000000          68.63524120          41.57219206          26.32148709      0.01080
        3.58000000          68.63524120          41.50879920          26.38527063      0.01080
        3.59000000          68.63524120          41.44546607          26.44899405      0.01079
        3.60000000          68.63524120          41.38219265          26.51265736      0.01079
        3.61000000          68.63524120          41.31897892          26.57626058      0.01078
        3.62000000          68.63524120          41.25582487          26.63980373      0.01078
        3.63000000          68.63524120          41.19273049          26.70328682      0.01077
        3.64000000          68.63524120          41.12969575          26.76670986      0.01076
        3.65000000          68.63524120          41.06672065          26.83007287      0.01076
        3.66000000          68.63524120          41.00380516          26.89337587      0.01075
        3.67000000          68.63524120          40.94094928          26.95661887      0.01075
        3.68000000          68.63524120          40.87815299          27.01980189      0.01074
        3.69000000          68.63524120          40.81541627          27.08292494      0.01074
        3.70000000          68.63524120          40.75273911          27.14598803      0.01073
        3.71000000          68.63524120          40.69012149          27.20899119      0.01073
        3.72000000          68.63524120          40.62756340          27.27193442      0.01072
        3.73000000          68.63524120          40.56506482          27.33481775      0.01071
        3.74000000          68.63524120          40.50262573          27.39764118      0.01071
        3.75000000          68.63524120          40.44024613          27.46040474      0.01070
        3.76000000          68.63524120          40.37792600          27.52310844      0.01070
        3.77000000          68.63524120          40.31566531          27.58575229      0.01069
        3.78000000          68.63524120          40.25346407          27.64833632      0.01069
        3.79000000          68.63524120          40.19132224          27.71086052      0.01068
        3.80000000          68.63524120          40.12923982          27.77332493      0.01067
        3.81000000          68.63524120          40.06721679          27.83572955      0.01067
        3.82000000          68.63524120          40.00525313          27.89807440      0.01066
        3.83000000          68.63524120          39.94334884          27.96035950      0.01066
        3.84000000          68.63524120          39.88150389          28.02258487      0.01065
        3.85000000          68.63524120          39.81971826          28.08475051      0.01065
        3.86000000          68.63524120          39.75799195          28.14685644      0.01064
        3.87000000          68.63524120          39.69632494          28.20890268      0.01064
        3.88000000          68.63524120          39.63471722          28.27088924      0.01063
        3.89000000          68.63524120          39.57316876          28.33281614      0.01063
        3.90000000          68.63524120          39.51167955          28.39468340      0.01062
        3.91000000          68.63524120          39.45024958          28.45649103      0.01061
        3.92000000          68.63524120          39.38887883          28.51823904      0.01061
        3.93000000          68.63524120          39.32756729          28.57992745      0.01060
        3.94000000          68.63524120          39.26631494          28.64155628      0.01060
        3.95000000          68.63524120          39.20512176          28.70312555      0.01059
        3.96000000          68.63524120          39.14398775          28.76463526      0.01059
        3.97000000          68.63524120          39.08291288          28.82608543      0.01058
        3.98000000          68.63524120          39.02189714          28.88747608      0.01058
        3.99000000          68.63524120          38.96094051          28.94880722      0.01057
        4.00000000          68.63524120          38.90004298          29.01007888      0.01056
        4.01000000          68.63524120          38.83920453          29.07129106      0.01056
        4.02000000          68.63524120          38.77842515          29.13244378      0.01055
        4.03000000          68.63524120          38.71770482          29.19353706      0.01055
        4.04000000          68.63524120          38.65704353          29.25457091      0.01054
        4.05000000          68.63524120          38.59644126          29.31554535      0.01054
        4.06000000          68.63524120          38.53589800          29.37646039      0.01053
        4.07000000          68.63524120          38.47541372          29.43731605      0.01053
        4.08000000          68.63524120          38.41498842          29.49811234      0.01052
        4.09000000          68.63524120          38.35462208          29.55884929      0.01052
        4.10000000          68.63524120          38.29431468          29.61952690      0.01051
        4.11000000          68.63524120          38.23406621          29.68014519      0.01051
        4.12000000          68.63524120          38.17387666          29.74070418      0.01050
        4.13000000          68.63524120          38.11374599          29.80120388      0.01049
        4.14000000          68.63524120          38.05367421          29.86164431      0.01049
        4.15000000          68.63524120          37.99366130          29.92202548      0.01048
        4.16000000          68.63524120          37.93370723          29.98234742      0.01048
        4.17000000          68.63524120          37.87381200          30.04261013      0.01047
        4.18000000          68.63524120          37.81397559          30.10281363      0.01047
        4.19000000          68.63524120          37.75419798          30.16295794      0.01046
        4.20000000          68.63524120          37.69447916          30.22304307      0.01046
        4.21000000          68.63524120          37.63481911          30.28306904      0.01045
        4.22000000          68.63524120          37.57521781          30.34303587      0.01045
        4.23000000          68.63524120          37.51567526          30.40294356      0.01044
        4.24000000          68.63524120          37.45619143          30.46279214      0.01044
        4.25000000          68.63524120          37.39676631          30.52258163      0.01043
        4.26000000          68.63524120          37.33739988          30.58231203      0.01043
        4.27000000          68.63524120          37.27809213          30.64198336      0.01042
        4.28000000          68.63524120          37.21884305          30.70159565      0.01041
        4.29000000          68.63524120          37.15965260          30.76114890      0.01041
        4.30000000          68.63524120          37.10052079          30.82064313      0.01040
        4.31000000          68.63524120          37.04144760          30.88007835      0.01040
        4.32000000          68.63524120          36.98243300          30.93945459      0.01039
        4.33000000          68.63524120          36.92347699          30.99877186      0.01039
        4.34000000          68.63524120          36.86457954          31.05803017      0.01038
        4.35000000          68.63524120          36.80574064          31.11722955      0.01038
        4.36000000          68.63524120          36.74696028          31.17637000      0.01037
        4.37000000          68.63524120          36.68823844          31.23545154      0.01037
        4.38000000          68.63524120          36.62957511          31.29447419      0.01036
        4.39000000          68.63524120          36.57097026          31.35343796      0.01036
        4.40000000          68.63524120          36.51242388          31.41234288      0.01035
        4.41000000          68.63524120          36.45393597          31.47118895      0.01035
        4.42000000          68.63524120          36.39550649          31.52997619      0.01034
        4.43000000          68.63524120          36.33713543          31.58870462      0.01034
        4.44000000          68.63524120          36.27882279          31.64737426      0.01033
        4.45000000          68.63524120          36.22056854          31.70598511      0.01033
        4.46000000          68.63524120          36.16237267          31.76453721      0.01032
        4.47000000          68.63524120          36.10423515          31.82303055      0.01032
        4.48000000          68.63524120          36.04615599          31.88146516      0.01031
        4.49000000          68.63524120          35.98813515          31.93984106      0.01030
        4.50000000          68.63524120          35.93017262          31.99815825      0.01030
        4.51000000          68.63524120          35.87226840          32.05641677      0.01029
        4.52000000          68.63524120          35.81442245          32.11461661      0.01029
        4.53000000          68.63524120          35.75663477          32.17275780      0.01028
        4.54000000          68.63524120          35.69890534          32.23084036      0.01028
        4.55000000          68.63524120          35.64123415          32.28886430      0.01027
        4.56000000          68.63524120          35.58362117          32.34682964      0.01027
        4.57000000          68.63524120          35.52606639          32.40473639      0.01026
        4.58000000          68.63524120          35.46856980          32.46258456      0.01026
        4.59000000          68.63524120          35.41113137          32.52037419      0.01025
        4.60000000          68.63524120          35.35375110          32.57810527      0.01025
        4.61000000          68.63524120          35.29642897          32.63577783      0.01024
        4.62000000          68.63524120          35.23916496          32.69339189      0.01024
        4.63000000          68.63524120          35.18195906          32.75094746      0.01023
        4.64000000          68.63524120          35.12481124          32.80844455      0.01023
        4.65000000          68.63524120          35.06772150          32.86588318      0.01022
        4.66000000          68.63524120          35.01068981          32.92326338      0.01022
        4.67000000          68.63524120          34.95371617          32.98058514      0.01021
        4.68000000          68.63524120          34.89680054          33.03784850      0.01021
        4.69000000          68.63524120          34.83994293          33.09505347      0.01020
        4.70000000          68.63524120          34.78314331          33.15220006      0.01020
        4.71000000          68.63524120          34.72640167          33.20928829      0.01019
        4.72000000          68.63524120          34.66971798          33.26631818      0.01019
        4.73000000          68.63524120          34.61309224          33.32328974      0.01018
        4.74000000          68.63524120          34.55652443          33.38020299      0.01018
        4.75000000          68.63524120          34.50001453          33.43705794      0.01017
        4.76000000          68.63524120          34.44356252          33.49385462      0.01017
        4.77000000          68.63524120          34.38716840          33.55059303      0.01016
        4.78000000          68.63524120          34.33083213          33.60727320      0.01016
        4.79000000          68.63524120          34.27455371          33.66389514      0.01015
        4.80000000          68.63524120          34.21833313          33.72045887      0.01015
        4.81000000          68.63524120          34.16217035          33.77696440      0.01014
        4.82000000          68.63524120          34.10606538          33.83341174      0.01014
        4.83000000          68.63524120          34.05001818          33.88980093      0.01013
        4.84000000          68.63524120          33.99402875          33.94613197      0.01013
        4.85000000          68.63524120          33.93809707          34.00240488      0.01012
        4.86000000          68.63524120          33.88222312          34.05861967      0.01012
        4.87000000          68.63524120          33.82640689          34.11477636      0.01011
        4.88000000          68.63524120          33.77064835          34.17087498      0.01011
        4.89000000          68.63524120          33.71494750          34.22691553      0.01010
        4.90000000          68.63524120          33.65930432          34.28289803      0.01010
        4.91000000          68.63524120          33.60371879          34.33882250      0.01009
        4.92000000          68.63524120          33.54819089          34.39468895      0.01009
        4.93000000          68.63524120          33.49272061          34.45049740      0.01008
        4.94000000          68.63524120          33.43730793          34.50624788      0.01008
        4.95000000          68.63524120          33.38195283          34.56194038      0.01007
        4.96000000          68.63524120          33.32665530          34.61757494      0.01007
        4.97000000          68.63524120          33.27141533          34.67315156      0.01006
        4.98000000          68.63524120          33.21623289          34.72867027      0.01006
        4.99000000          68.63524120          33.16110797          34.78413108      0.01005
        5.00000000          68.63524120          33.10604055          34.83953401      0.01005
        5.01000000          68.63524120          33.05103062          34.89487907      0.01004
        5.02000000          68.63524120          32.99607815          34.95016628      0.01004
        5.03000000          68.63524120          32.94118314          35.00539566      0.01003
        5.04000000          68.63524120          32.88634557          35.06056722      0.01003
        5.05000000          68.63524120          32.83156542          35.11568098      0.01002
        5.06000000          68.63524120          32.77684266          35.17073696      0.01002
        5.07000000          68.63524120          32.72217730          35.22573517      0.01001
        5.08000000          68.63524120          32.66756931          35.28067564      0.01001
        5.09000000          68.63524120          32.61301867          35.33555837      0.01000
        5.10000000          68.63524120          32.55852536          35.39038338      0.01000
        5.11000000          68.63524120          32.50408938          35.44515070      0.00999
        5.12000000          68.63524120          32.44971070          35.49986033      0.00999
        5.13000000          68.63524120          32.39538931          35.55451230      0.00999
        5.14000000          68.63524120          32.34112518          35.60910662      0.00998
        5.15000000          68.63524120          32.28691831          35.66364330      0.00998
        5.16000000          68.63524120          32.23276868          35.71812237      0.00997
        5.17000000          68.63524120          32.17867627          35.77254384      0.00997
        5.18000000          68.63524120          32.12464106          35.82690774      0.00996
        5.19000000          68.63524120          32.07066304          35.88121406      0.00996
        5.20000000          68.63524120          32.01674219          35.93546284      0.00995
        5.21000000          68.63524120          31.96287849          35.98965409      0.00995
        5.22000000          68.63524120          31.90907193          36.04378782      0.00994
        5.23000000          68.63524120          31.85532248          36.09786405      0.00994
        5.24000000          68.63524120          31.80163015          36.15188281      0.00993
        5.25000000          68.63524120          31.74799489          36.20584410      0.00993
        5.26000000          68.63524120          31.69441671          36.25974794      0.00992
        5.27000000          68.63524120          31.64089558          36.31359436      0.00992
        5.28000000          68.63524120          31.58743148          36.36738336      0.00991
        5.29000000          68.63524120          31.53402441          36.42111496      0.00991
        5.30000000          68.63524120          31.48067433          36.47478919      0.00990
        5.31000000          68.63524120          31.42738125          36.52840606      0.00990
        5.32000000          68.63524120          31.37414513          36.58196558      0.00989
        5.33000000          68.63524120          31.32096596          36.63546777      0.00989
        5.34000000          68.63524120          31.26784372          36.68891265      0.00989
        5.35000000          68.63524120          31.21477841          36.74230024      0.00988
        5.36000000          68.63524120          31.16176999          36.79563055      0.00988
        5.37000000          68.63524120          31.10881846          36.84890360      0.00987
        5.38000000          68.63524120          31.05592379          36.90211941      0.00987
        5.39000000          68.63524120          31.00308598          36.95527800      0.00986
        5.40000000          68.63524120          30.95030500          37.00837937      0.00986
        5.41000000          68.63524120          30.89758083          37.06142356      0.00985
        5.42000000          68.63524120          30.84491346          37.11441057      0.00985
        5.43000000          68.63524120          30.79230287          37.16734042      0.00984
        5.44000000          68.63524120          30.73974905          37.22021314      0.00984
        5.45000000          68.63524120          30.68725198          37.27302873      0.00983
        5.46000000          68.63524120          30.63481164          37.32578721      0.00983
        5.47000000          68.63524120          30.58242801          37.37848861      0.00982
        5.48000000          68.63524120          30.53010108          37.43113294      0.00982
        5.49000000          68.63524120          30.47783082          37.48372021      0.00982
        5.50000000          68.63524120          30.42561723          37.53625044      0.00981
        5.51000000          68.63524120          30.37346029          37.58872366      0.00981
        5.52000000          68.63524120          30.32135997          37.64113987      0.00980
        5.53000000          68.63524120          30.26931627          37.69349910      0.00980
        5.54000000          68.63524120          30.21732915          37.74580136      0.00979
        5.55000000          68.63524120          30.16539862          37.79804668      0.00979
        5.56000000          68.63524120          30.11352464          37.85023505      0.00978
        5.57000000          68.63524120          30.06170721          37.90236652      0.00978
        5.58000000          68.63524120          30.00994630          37.95444108      0.00977
        5.59000000          68.63524120          29.95824190          38.00645877      0.00977
        5.60000000          68.63524120          29.90659399          38.05841959      0.00977
        5.61000000          68.63524120          29.85500255          38.11032356      0.00976
        5.62000000          68.63524120          29.80346757          38.16217070      0.00976
        5.63000000          68.63524120          29.75198903          38.21396104      0.00975
        5.64000000          68.63524120          29.70056691          38.26569458      0.00975
        5.65000000          68.63524120          29.64920120          38.31737134      0.00974
        5.66000000          68.63524120          29.59789187          38.36899134      0.00974
        5.67000000          68.63524120          29.54663891          38.42055461      0.00973
        5.68000000          68.63524120          29.49544230          38.47206114      0.00973
        5.69000000          68.63524120          29.44430203          38.52351097      0.00972
        5.70000000          68.63524120          29.39321808          38.57490412      0.00972
        5.71000000          68.63524120          29.34219042          38.62624059      0.00972
        5.72000000          68.63524120          29.29121905          38.67752040      0.00971
        5.73000000          68.63524120          29.24030395          38.72874358      0.00971
        5.74000000          68.63524120          29.18944509          38.77991014      0.00970
        5.75000000          68.63524120          29.13864246          38.83102010      0.00970
        5.76000000          68.63524120          29.08789605          38.88207347      0.00969
        5.77000000          68.63524120          29.03720583          38.93307028      0.00969
        5.78000000          68.63524120          28.98657179          38.98401054      0.00968
        5.79000000          68.63524120          28.93599391          39.03489427      0.00968
        5.80000000          68.63524120          28.88547217          39.08572148      0.00968
        5.81000000          68.63524120          28.83500656          39.13649220      0.00967
        5.82000000          68.63524120          28.78459706          39.18720644      0.00967
        5.83000000          68.63524120          28.73424364          39.23786422      0.00966
        5.84000000          68.63524120          28.68394630          39.28846556      0.00966
        5.85000000          68.63524120          28.63370502          39.33901047      0.00965
        5.86000000          68.63524120          28.58351977          39.38949897      0.00965
        5.87000000          68.63524120          28.53339055          39.43993109      0.00964
        5.88000000          68.63524120          28.48331733          39.49030683      0.00964
        5.89000000          68.63524120          28.43330009          39.54062622      0.00964
        5.90000000          68.63524120          28.38333882          39.59088927      0.00963
        5.91000000          68.63524120          28.33343349          39.64109600      0.00963
        5.92000000          68.63524120          28.28358411          39.69124643      0.00962
        5.93000000          68.63524120          28.23379063          39.74134058      0.00962
        5.94000000          68.63524120          28.18405305          39.79137847      0.00961
        5.95000000          68.63524120          28.13437135          39.84136010      0.00961
        5.96000000          68.63524120          28.08474551          39.89128551      0.00960
        5.97000000          68.63524120          28.03517552          39.94115471      0.00960
        5.98000000          68.63524120          27.98566135          39.99096771      0.00960
        5.99000000          68.63524120          27.93620299          40.04072453      0.00959
        6.00000000          68.63524120          27.88680042          40.09042520      0.00959
        6.01000000          68.63524120          27.83745362          40.14006973      0.00958
        6.02000000          68.63524120          27.78816258          40.18965813      0.00958
        6.03000000          68.63524120          27.73892727          40.23919043      0.00957
        6.04000000          68.63524120          27.68974768          40.28866665      0.00957
        6.05000000          68.63524120          27.64062379          40.33808680      0.00957
        6.06000000          68.63524120          27.59155559          40.38745089      0.00956
        6.07000000          68.63524120          27.54254305          40.43675896      0.00956
        6.08000000          68.63524120          27.49358616          40.48601101      0.00955
        6.09000000          68.63524120          27.44468490          40.53520706      0.00955
        6.10000000          68.63524120          27.39583925          40.58434714      0.00954
        6.11000000          68.63524120          27.34704919          40.63343126      0.00954
        6.12000000          68.63524120          27.29831471          40.68245943      0.00954
        6.13000000          68.63524120          27.24963579          40.73143168      0.00953
        6.14000000          68.63524120          27.20101240          40.78034803      0.00953
        6.15000000          68.63524120          27.15244454          40.82920848      0.00952
        6.16000000          68.63524120          27.10393218          40.87801307      0.00952
        6.17000000          68.63524120          27.05547531          40.92676181      0.00951
        6.18000000          68.63524120          27.00707390          40.97545471      0.00951
        6.19000000          68.63524120          26.95872795          41.02409180      0.00951
        6.20000000          68.63524120          26.91043742          41.07267309      0.00950
        6.21000000          68.63524120          26.86220231          41.12119861      0.00950
        6.22000000          68.63524120          26.81402260          41.16966836      0.00949
        6.23000000          68.63524120          26.76589826          41.21808237      0.00949
        6.24000000          68.63524120          26.71782928          41.26644066      0.00948
        6.25000000          68.63524120          26.66981564          41.31474325      0.00948
        6.26000000          68.63524120          26.62185732          41.36299014      0.00948
        6.27000000          68.63524120          26.57395431          41.41118137      0.00947
        6.28000000          68.63524120          26.52610659          41.45931695      0.00947
        6.29000000          68.63524120          26.47831413          41.50739689      0.00946
        6.30000000          68.63524120          26.43057692          41.55542122      0.00946
        6.31000000          68.63524120          26.38289495          41.60338996      0.00946
        6.32000000          68.63524120          26.33526818          41.65130312      0.00945
        6.33000000          68.63524120          26.28769662          41.69916072      0.00945
        6.34000000          68.63524120          26.24018023          41.74696278      0.00944
        6.35000000          68.63524120          26.19271899          41.79470932      0.00944
        6.36000000          68.63524120          26.14531290          41.84240035      0.00943
        6.37000000          68.63524120          26.09796193          41.89003591      0.00943
        6.38000000          68.63524120          26.05066607          41.93761599      0.00943
        6.39000000          68.63524120          26.00342528          41.98514063      0.00942
        6.40000000          68.63524120          25.95623957          42.03260984      0.00942
        6.41000000          68.63524120          25.90910890          42.08002363      0.00941
        6.42000000          68.63524120          25.86203327          42.12738204      0.00941
        6.43000000          68.63524120          25.81501264          42.17468507      0.00941
        6.44000000          68.63524120          25.76804701          42.22193274      0.00940
        6.45000000          68.63524120          25.72113635          42.26912508      0.00940
        6.46000000          68.63524120          25.67428065          42.31626211      0.00939
        6.47000000          68.63524120          25.62747989          42.36334383      0.00939
        6.48000000          68.63524120          25.58073405          42.41037027      0.00938
        6.49000000          68.63524120          25.53404310          42.45734145      0.00938
        6.50000000          68.63524120          25.48740704          42.50425739      0.00938
        6.51000000          68.63524120          25.44082584          42.55111810      0.00937
        6.52000000          68.63524120          25.39429949          42.59792361      0.00937
        6.53000000          68.63524120          25.34782797          42.64467393      0.00936
        6.54000000          68.63524120          25.30141125          42.69136908      0.00936
        6.55000000          68.63524120          25.25504932          42.73800908      0.00936
        6.56000000          68.63524120          25.20874216          42.78459395      0.00935
        6.57000000          68.63524120          25.16248975          42.83112371      0.00935
        6.58000000          68.63524120          25.11629208          42.87759838      0.00934
        6.59000000          68.63524120          25.07014912          42.92401797      0.00934
        6.60000000          68.63524120          25.02406086          42.97038251      0.00934
        6.61000000          68.63524120          24.97802727          43.01669201      0.00933
        6.62000000          68.63524120          24.93204834          43.06294649      0.00933
        6.63000000          68.63524120          24.88612405          43.10914597      0.00932
        6.64000000          68.63524120          24.84025439          43.15529047      0.00932
        6.65000000          68.63524120          24.79443932          43.20138001      0.00932
        6.66000000          68.63524120          24.74867884          43.24741461      0.00931
        6.67000000          68.63524120          24.70297292          43.29339429      0.00931
        6.68000000          68.63524120          24.65732155          43.33931906      0.00930
        6.69000000          68.63524120          24.61172470          43.38518895      0.00930
        6.70000000          68.63524120          24.56618237          43.43100397      0.00930
        6.71000000          68.63524120          24.52069452          43.47676414      0.00929
        6.72000000          68.63524120          24.47526114          43.52246949      0.00929
        6.73000000          68.63524120          24.42988221          43.56812002      0.00928
        6.74000000          68.63524120          24.38455772          43.61371577      0.00928
        6.75000000          68.63524120          24.33928764          43.65925674      0.00928
        6.76000000          68.63524120          24.29407195          43.70474296      0.00927
        6.77000000          68.63524120          24.24891064          43.75017445      0.00927
        6.78000000          68.63524120          24.20380369          43.79555123      0.00926
        6.79000000          68.63524120          24.15875107          43.84087331      0.00926
        6.80000000          68.63524120          24.11375277          43.88614072      0.00926
        6.81000000          68.63524120          24.06880877          43.93135347      0.00925
        6.82000000          68.63524120          24.02391905          43.97651158      0.00925
        6.83000000          68.63524120          23.97908360          44.02161508      0.00925
        6.84000000          68.63524120          23.93430238          44.06666397      0.00924
        6.85000000          68.63524120          23.88957539          44.11165829      0.00924
        6.86000000          68.63524120          23.84490260          44.15659805      0.00923
        6.87000000          68.63524120          23.80028399          44.20148327      0.00923
        6.88000000          68.63524120          23.75571956          44.24631396      0.00923
        6.89000000          68.63524120          23.71120926          44.29109016      0.00922
        6.90000000          68.63524120          23.66675310          44.33581187      0.00922
        6.91000000          68.63524120          23.62235104          44.38047912      0.00921
        6.92000000          68.63524120          23.57800307          44.42509192      0.00921
        6.93000000          68.63524120          23.53370917          44.46965030      0.00921
        6.94000000          68.63524120          23.48946932          44.51415428      0.00920
        6.95000000          68.63524120          23.44528351          44.55860386      0.00920
        6.96000000          68.63524120          23.40115170          44.60299909      0.00919
        6.97000000          68.63524120          23.35707389          44.64733996      0.00919
        6.98000000          68.63524120          23.31305004          44.69162651      0.00919
        6.99000000          68.63524120          23.26908016          44.73585875      0.00918
        7.00000000          68.63524120          23.22516420          44.78003671      0.00918
        7.01000000          68.63524120          23.18130216          44.82416039      0.00918
        7.02000000          68.63524120          23.13749402          44.86822982      0.00917
        7.03000000          68.63524120          23.09373975          44.91224503      0.00917
        7.04000000          68.63524120          23.05003934          44.95620602      0.00916
        7.05000000          68.63524120          23.00639277          45.00011283      0.00916
        7.06000000          68.63524120          22.96280001          45.04396546      0.00916
        7.07000000          68.63524120          22.91926105          45.08776395      0.00915
        7.08000000          68.63524120          22.87577587          45.13150830      0.00915
        7.09000000          68.63524120          22.83234445          45.17519854      0.00915
        7.10000000          68.63524120          22.78896677          45.21883469      0.00914
        7.11000000          68.63524120          22.74564281          45.26241676      0.00914
        7.12000000          68.63524120          22.70237255          45.30594479      0.00913
        7.13000000          68.63524120          22.65915597          45.34941878      0.00913
        7.14000000          68.63524120          22.61599305          45.39283875      0.00913
        7.15000000          68.63524120          22.57288377          45.43620474      0.00912
        7.16000000          68.63524120          22.52982811          45.47951675      0.00912
        7.17000000          68.63524120          22.48682606          45.52277481      0.00912
        7.18000000          68.63524120          22.44387759          45.56597893      0.00911
        7.19000000          68.63524120          22.40098268          45.60912914      0.00911
        7.20000000          68.63524120          22.35814131          45.65222545      0.00910
        7.21000000          68.63524120          22.31535347          45.69526789      0.00910
        7.22000000          68.63524120          22.27261912          45.73825648      0.00910
        7.23000000          68.63524120          22.22993827          45.78119123      0.00909
        7.24000000          68.63524120          22.18731087          45.82407217      0.00909
        7.25000000          68.63524120          22.14473693          45.86689932      0.00909
        7.26000000          68.63524120          22.10221640          45.90967269      0.00908
        7.27000000          68.63524120          22.05974928          45.95239230      0.00908
        7.28000000          68.63524120          22.01733554          45.99505819      0.00907
        7.29000000          68.63524120          21.97497517          46.03767035      0.00907
        7.30000000          68.63524120          21.93266814          46.08022883      0.00907
        7.31000000          68.63524120          21.89041444          46.12273363      0.00906
        7.32000000          68.63524120          21.84821404          46.16518477      0.00906
        7.33000000          68.63524120          21.80606692          46.20758228      0.00906
        7.34000000          68.63524120          21.76397307          46.24992618      0.00905
        7.35000000          68.63524120          21.72193247          46.29221649      0.00905
        7.36000000          68.63524120          21.67994509          46.33445322      0.00905
        7.37000000          68.63524120          21.63801091          46.37663640      0.00904
        7.38000000          68.63524120          21.59612992          46.41876604      0.00904
        7.39000000          68.63524120          21.55430209          46.46084217      0.00903
        7.40000000          68.63524120          21.51252741          46.50286481      0.00903
        7.41000000          68.63524120          21.47080585          46.54483398      0.00903
        7.42000000          68.63524120          21.42913739          46.58674970      0.00902
        7.43000000          68.63524120          21.38752202          46.62861199      0.00902
        7.44000000          68.63524120          21.34595971          46.67042086      0.00902
        7.45000000          68.63524120          21.30445044          46.71217634      0.00901
        7.46000000          68.63524120          21.26299420          46.75387846      0.00901
        7.47000000          68.63524120          21.22159096          46.79552722      0.00901
        7.48000000          68.63524120          21.18024070          46.83712266      0.00900
        7.49000000          68.63524120          21.13894341          46.87866478      0.00900
        7.50000000          68.63524120          21.09769905          46.92015362      0.00900
        7.51000000          68.63524120          21.05650762          46.96158919      0.00899
        7.52000000          68.63524120          21.01536909          47.00297151      0.00899
        7.53000000          68.63524120          20.97428344          47.04430060      0.00898
        7.54000000          68.63524120          20.93325065          47.08557649      0.00898
        7.55000000          68.63524120          20.89227070          47.12679919      0.00898
        7.56000000          68.63524120          20.85134357          47.16796873      0.00897
        7.57000000          68.63524120          20.81046924          47.20908512      0.00897
        7.58000000          68.63524120          20.76964769          47.25014839      0.00897
        7.59000000          68.63524120          20.72887890          47.29115855      0.00896
        7.60000000          68.63524120          20.68816284          47.33211563      0.00896
        7.61000000          68.63524120          20.64749950          47.37301965      0.00896
        7.62000000          68.63524120          20.60688886          47.41387063      0.00895
        7.63000000          68.63524120          20.56633089          47.45466859      0.00895
        7.64000000          68.63524120          20.52582558          47.49541354      0.00895
        7.65000000          68.63524120          20.48537290          47.53610552      0.00894
        7.66000000          68.63524120          20.44497284          47.57674454      0.00894
        7.67000000          68.63524120          20.40462537          47.61733062      0.00894
        7.68000000          68.63524120          20.36433048          47.65786379      0.00893
        7.69000000          68.63524120          20.32408813          47.69834406      0.00893
        7.70000000          68.63524120          20.28389832          47.73877145      0.00893
        7.71000000          68.63524120          20.24376102          47.77914599      0.00892
        7.72000000          68.63524120          20.20367621          47.81946770      0.00892
        7.73000000          68.63524120          20.16364387          47.85973660      0.00891
        7.74000000          68.63524120          20.12366397          47.89995270      0.00891
        7.75000000          68.63524120          20.08373651          47.94011603      0.00891
        7.76000000          68.63524120          20.04386145          47.98022662      0.00890
        7.77000000          68.63524120          20.00403877          48.02028447      0.00890
        7.78000000          68.63524120          19.96426847          48.06028962      0.00890
        7.79000000          68.63524120          19.92455050          48.10024208      0.00889
        7.80000000          68.63524120          19.88488486          48.14014188      0.00889
        7.81000000          68.63524120          19.84527152          48.17998903      0.00889
        7.82000000          68.63524120          19.80571046          48.21978356      0.00888
        7.83000000          68.63524120          19.76620166          48.25952549      0.00888
        7.84000000          68.63524120          19.72674510          48.29921484      0.00888
        7.85000000          68.63524120          19.68734076          48.33885163      0.00887
        7.86000000          68.63524120          19.64798862          48.37843588      0.00887
        7.87000000          68.63524120          19.60868865          48.41796761      0.00887
        7.88000000          68.63524120          19.56944084          48.45744685      0.00886
        7.89000000          68.63524120          19.53024516          48.49687361      0.00886
        7.90000000          68.63524120          19.49110160          48.53624792      0.00886
        7.91000000          68.63524120          19.45201012          48.57556980      0.00885
        7.92000000          68.63524120          19.41297072          48.61483926      0.00885
        7.93000000          68.63524120          19.37398337          48.65405634      0.00885
        7.94000000          68.63524120          19.33504804          48.69322105      0.00884
        7.95000000          68.63524120          19.29616472          48.73233341      0.00884
        7.96000000          68.63524120          19.25733339          48.77139345      0.00884
        7.97000000          68.63524120          19.21855402          48.81040119      0.00883
        7.98000000          68.63524120          19.17982659          48.84935664      0.00883
        7.99000000          68.63524120          19.14115108          48.88825983      0.00883
        8.00000000          68.63524120          19.10252748          48.92711079      0.00882
        8.01000000          68.63524120          19.06395575          48.96590952      0.00882
        8.02000000          68.63524120          19.02543588          49.00465606      0.00882
        8.03000000          68.63524120          18.98696785          49.04335043      0.00881
        8.04000000          68.63524120          18.94855163          49.08199264      0.00881
        8.05000000          68.63524120          18.91018720          49.12058272      0.00881
        8.06000000          68.63524120          18.87187455          49.15912070      0.00880
        8.07000000          68.63524120          18.83361365          49.19760658      0.00880
        8.08000000          68.63524120          18.79540447          49.23604040      0.00880
        8.09000000          68.63524120          18.75724700          49.27442217      0.00879
        8.10000000          68.63524120          18.71914122          49.31275193      0.00879
        8.11000000          68.63524120          18.68108710          49.35102968      0.00879
        8.12000000          68.63524120          18.64308463          49.38925545      0.00878
        8.13000000          68.63524120          18.60513377          49.42742926      0.00878
        8.14000000          68.63524120          18.56723451          49.46555114      0.00878
        8.15000000          68.63524120          18.52938683          49.50362111      0.00877
        8.16000000          68.63524120          18.49159071          49.54163918      0.00877
        8.17000000          68.63524120          18.45384612          49.57960538      0.00877
        8.18000000          68.63524120          18.41615304          49.61751974      0.00876
        8.19000000          68.63524120          18.37851145          49.65538227      0.00876
        8.20000000          68.63524120          18.34092133          49.69319299      0.00876
        8.21000000          68.63524120          18.30338266          49.73095194      0.00876
        8.22000000          68.63524120          18.26589541          49.76865912      0.00875
        8.23000000          68.63524120          18.22845956          49.80631456      0.00875
        8.24000000          68.63524120          18.19107510          49.84391829      0.00875
        8.25000000          68.63524120          18.15374199          49.88147033      0.00874
        8.26000000          68.63524120          18.11646022          49.91897069      0.00874
        8.27000000          68.63524120          18.07922977          49.95641941      0.00874
        8.28000000          68.63524120          18.04205061          49.99381649      0.00873
        8.29000000          68.63524120          18.00492272          50.03116198      0.00873
        8.30000000          68.63524120          17.96784608          50.06845587      0.00873
        8.31000000          68.63524120          17.93082067          50.10569821      0.00872
        8.32000000          68.63524120          17.89384646          50.14288901      0.00872
        8.33000000          68.63524120          17.85692344          50.18002829      0.00872
        8.34000000          68.63524120          17.82005157          50.21711608      0.00871
        8.35000000          68.63524120          17.78323085          50.25415240      0.00871
        8.36000000          68.63524120          17.74646124          50.29113727      0.00871
        8.37000000          68.63524120          17.70974272          50.32807071      0.00870
        8.38000000          68.63524120          17.67307528          50.36495274      0.00870
        8.39000000          68.63524120          17.63645889          50.40178340      0.00870
        8.40000000          68.63524120          17.59989352          50.43856269      0.00870
        8.41000000          68.63524120          17.56337916          50.47529065      0.00869
        8.42000000          68.63524120          17.52691579          50.51196729      0.00869
        8.43000000          68.63524120          17.49050337          50.54859264      0.00869
        8.44000000          68.63524120          17.45414189          50.58516672      0.00868
        8.45000000          68.63524120          17.41783133          50.62168955      0.00868
        8.46000000          68.63524120          17.38157166          50.65816116      0.00868
        8.47000000          68.63524120          17.34536286          50.69458156      0.00867
        8.48000000          68.63524120          17.30920491          50.73095079      0.00867
        8.49000000          68.63524120          17.27309779          50.76726886      0.00867
        8.50000000          68.63524120          17.23704147          50.80353579      0.00866
        8.51000000          68.63524120          17.20103593          50.83975162      0.00866
        8.52000000          68.63524120          17.16508115          50.87591635      0.00866
        8.53000000          68.63524120          17.12917710          50.91203002      0.00865
        8.54000000          68.63524120          17.09332377          50.94809265      0.00865
        8.55000000          68.63524120          17.05752113          50.98410426      0.00865
        8.56000000          68.63524120          17.02176916          51.02006487      0.00865
        8.57000000          68.63524120          16.98606783          51.05597450      0.00864
        8.58000000          68.63524120          16.95041712          51.09183318      0.00864
        8.59000000          68.63524120          16.91481702          51.12764094      0.00864
        8.60000000          68.63524120          16.87926749          51.16339778      0.00863
        8.61000000          68.63524120          16.84376851          51.19910375      0.00863
        8.62000000          68.63524120          16.80832007          51.23475885      0.00863
        8.63000000          68.63524120          16.77292214          51.27036312      0.00862
        8.64000000          68.63524120          16.73757469          51.30591658      0.00862
        8.65000000          68.63524120          16.70227770          51.34141924      0.00862
        8.66000000          68.63524120          16.66703115          51.37687114      0.00862
        8.67000000          68.63524120          16.63183503          51.41227229      0.00861
        8.68000000          68.63524120          16.59668929          51.44762272      0.00861
        8.69000000          68.63524120          16.56159393          51.48292245      0.00861
        8.70000000          68.63524120          16.52654891          51.51817151      0.00860
        8.71000000          68.63524120          16.49155422          51.55336991      0.00860
        8.72000000          68.63524120          16.45660983          51.58851769      0.00860
        8.73000000          68.63524120          16.42171572          51.62361486      0.00859
        8.74000000          68.63524120          16.38687186          51.65866144      0.00859
        8.75000000          68.63524120          16.35207824          51.69365747      0.00859
        8.76000000          68.63524120          16.31733483          51.72860297      0.00859
        8.77000000          68.63524120          16.28264160          51.76349795      0.00858
        8.78000000          68.63524120          16.24799854          51.79834244      0.00858
        8.79000000          68.63524120          16.21340562          51.83313647      0.00858
        8.80000000          68.63524120          16.17886281          51.86788005      0.00857
        8.81000000          68.63524120          16.14437009          51.90257322      0.00857
        8.82000000          68.63524120          16.10992745          51.93721599      0.00857
        8.83000000          68.63524120          16.07553485          51.97180840      0.00857
        8.84000000          68.63524120          16.04119228          52.00635045      0.00856
        8.85000000          68.63524120          16.00689970          52.04084218      0.00856
        8.86000000          68.63524120          15.97265711          52.07528361      0.00856
        8.87000000          68.63524120          15.93846446          52.10967476      0.00855
        8.88000000          68.63524120          15.90432174          52.14401566      0.00855
        8.89000000          68.63524120          15.87022893          52.17830632      0.00855
        8.90000000          68.63524120          15.83618601          52.21254679      0.00855
        8.91000000          68.63524120          15.80219294          52.24673707      0.00854
        8.92000000          68.63524120          15.76824970          52.28087719      0.00854
        8.93000000          68.63524120          15.73435628          52.31496718      0.00854
        8.94000000          68.63524120          15.70051265          52.34900705      0.00853
        8.95000000          68.63524120          15.66671878          52.38299684      0.00853
        8.96000000          68.63524120          15.63297465          52.41693657      0.00853
        8.97000000          68.63524120          15.59928023          52.45082626      0.00853
        8.98000000          68.63524120          15.56563552          52.48466593      0.00852
        8.99000000          68.63524120          15.53204047          52.51845561      0.00852
        9.00000000          68.63524120          15.49849506          52.55219532      0.00852
        9.01000000          68.63524120          15.46499928          52.58588509      0.00851
        9.02000000          68.63524120          15.43155309          52.61952494      0.00851
        9.03000000          68.63524120          15.39815648          52.65311490      0.00851
        9.04000000          68.63524120          15.36480942          52.68665498      0.00851
        9.05000000          68.63524120          15.33151189          52.72014522      0.00850
        9.06000000          68.63524120          15.29826385          52.75358564      0.00850
        9.07000000          68.63524120          15.26506530          52.78697625      0.00850
        9.08000000          68.63524120          15.23191620          52.82031709      0.00849
        9.09000000          68.63524120          15.19881653          52.85360818      0.00849
        9.10000000          68.63524120          15.16576626          52.88684955      0.00849
        9.11000000          68.63524120          15.13276538          52.92004121      0.00849
        9.12000000          68.63524120          15.09981386          52.95318320      0.00848
        9.13000000          68.63524120          15.06691167          52.98627553      0.00848
        9.14000000          68.63524120          15.03405879          53.01931824      0.00848
        9.15000000          68.63524120          15.00125519          53.05231134      0.00847
        9.16000000          68.63524120          14.96850085          53.08525486      0.00847
        9.17000000          68.63524120          14.93579576          53.11814882      0.00847
        9.18000000          68.63524120          14.90313987          53.15099326      0.00847
        9.19000000          68.63524120          14.87053317          53.18378818      0.00846
        9.20000000          68.63524120          14.83797564          53.21653363      0.00846
        9.21000000          68.63524120          14.80546724          53.24922962      0.00846
        9.22000000          68.63524120          14.77300796          53.28187617      0.00846
        9.23000000          68.63524120          14.74059777          53.31447332      0.00845
        9.24000000          68.63524120          14.70823665          53.34702109      0.00845
        9.25000000          68.63524120          14.67592457          53.37951949      0.00845
        9.26000000          68.63524120          14.64366150          53.41196856      0.00844
        9.27000000          68.63524120          14.61144743          53.44436833      0.00844
        9.28000000          68.63524120          14.57928232          53.47671880      0.00844
        9.29000000          68.63524120          14.54716616          53.50902002      0.00844
        9.30000000          68.63524120          14.51509892          53.54127201      0.00843
        9.31000000          68.63524120          14.48308057          53.57347478      0.00843
        9.32000000          68.63524120          14.45111109          53.60562837      0.00843
        9.33000000          68.63524120          14.41919045          53.63773280      0.00843
        9.34000000          68.63524120          14.38731864          53.66978809      0.00842
        9.35000000          68.63524120          14.35549562          53.70179427      0.00842
        9.36000000          68.63524120          14.32372137          53.73375137      0.00842
        9.37000000          68.63524120          14.29199586          53.76565941      0.00842
        9.38000000          68.63524120          14.26031908          53.79751841      0.00841
        9.39000000          68.63524120          14.22869099          53.82932841      0.00841
        9.40000000          68.63524120          14.19711157          53.86108941      0.00841
        9.41000000          68.63524120          14.16558079          53.89280146      0.00840
        9.42000000          68.63524120          14.13409864          53.92446457      0.00840
        9.43000000          68.63524120          14.10266508          53.95607878      0.00840
        9.44000000          68.63524120          14.07128010          53.98764410      0.00840
        9.45000000          68.63524120          14.03994365          54.01916056      0.00839
        9.46000000          68.63524120          14.00865573          54.05062819      0.00839
        9.47000000          68.63524120          13.97741631          54.08204701      0.00839
        9.48000000          68.63524120          13.94622535          54.11341704      0.00839
        9.49000000          68.63524120          13.91508284          54.14473832      0.00838
        9.50000000          68.63524120          13.88398875          54.17601087      0.00838
        9.51000000          68.63524120          13.85294305          54.20723471      0.00838
        9.52000000          68.63524120          13.82194572          54.23840987      0.00838
        9.53000000          68.63524120          13.79099673          54.26953638      0.00837
        9.54000000          68.63524120          13.76009607          54.30061425      0.00837
        9.55000000          68.63524120          13.72924369          54.33164352      0.00837
        9.56000000          68.63524120          13.69843959          54.36262421      0.00837
        9.57000000          68.63524120          13.66768372          54.39355635      0.00836
        9.58000000          68.63524120          13.63697607          54.42443996      0.00836
        9.59000000          68.63524120          13.60631662          54.45527507      0.00836
        9.60000000          68.63524120          13.57570533          54.48606170      0.00836
        9.61000000          68.63524120          13.54514217          54.51679989      0.00835
        9.62000000          68.63524120          13.51462714          54.54748965      0.00835
        9.63000000          68.63524120          13.48416019          54.57813101      0.00835
        9.64000000          68.63524120          13.45374130          54.60872399      0.00835
        9.65000000          68.63524120          13.42337046          54.63926863      0.00834
        9.66000000          68.63524120          13.39304762          54.66976495      0.00834
        9.67000000          68.63524120          13.36277277          54.70021298      0.00834
        9.68000000          68.63524120          13.33254588          54.73061273      0.00834
        9.69000000          68.63524120          13.30236692          54.76096424      0.00833
        9.70000000          68.63524120          13.27223587          54.79126754      0.00833
        9.71000000          68.63524120          13.24215271          54.82152264      0.00833
        9.72000000          68.63524120          13.21211740          54.85172958      0.00833
        9.73000000          68.63524120          13.18212992          54.88188839      0.00832
        9.74000000          68.63524120          13.15219025          54.91199907      0.00832
        9.75000000          68.63524120          13.12229835          54.94206168      0.00832
        9.76000000          68.63524120          13.09245421          54.97207622      0.00832
        9.77000000          68.63524120          13.06265780          55.00204273      0.00831
        9.78000000          68.63524120          13.03290908          55.03196123      0.00831
        9.79000000          68.63524120          13.00320804          55.06183175      0.00831
        9.80000000          68.63524120          12.97355465          55.09165432      0.00831
        9.81000000          68.63524120          12.94394888          55.12142895      0.00830
        9.82000000          68.63524120          12.91439070          55.15115569      0.00830
        9.83000000          68.63524120          12.88488010          55.18083455      0.00830
        9.84000000          68.63524120          12.85541703          55.21046556      0.00830
        9.85000000          68.63524120          12.82600149          55.24004875      0.00829
        9.86000000          68.63524120          12.79663343          55.26958414      0.00829
        9.87000000          68.63524120          12.76731284          55.29907177      0.00829
        9.88000000          68.63524120          12.73803969          55.32851165      0.00829
        9.89000000          68.63524120          12.70881395          55.35790381      0.00828
        9.90000000          68.63524120          12.67963559          55.38724829      0.00828
        9.91000000          68.63524120          12.65050459          55.41654510      0.00828
        9.92000000          68.63524120          12.62142092          55.44579428      0.00828
        9.93000000          68.63524120          12.59238456          55.47499585      0.00827
        9.94000000          68.63524120          12.56339548          55.50414984      0.00827
        9.95000000          68.63524120          12.53445364          55.53325627      0.00827
        9.96000000          68.63524120          12.50555904          55.56231517      0.00827
        9.97000000          68.63524120          12.47671163          55.59132658      0.00826
        9.98000000          68.63524120          12.44791139          55.62029050      0.00826
        9.99000000          68.63524120          12.41915830          55.64920698      0.00826
       10.00000000          68.63524120          12.39045232          55.67807604      0.00826
       10.01000000          68.63524120          12.36179344          55.70689771      0.00825
