# time (ps)       Fabs (J/m^2)       E_el (J/m^2)      E_lat (J/m^2)       Delta_E (%)
        0.00001000           0.00000010           0.00000010           0.00000000      0.01775
        0.10000000           0.02846367           0.02700772           0.00053943      0.03220
        0.20000000           1.28773582           1.21299613           0.02369791      0.03964
        0.30000000          16.61298446          15.63269150           0.21294402      0.04619
        0.40000000          69.50523462          65.30319211           0.79282048      0.04905
        0.50000000         122.40074972         114.44998823           1.77831557      0.05043
        0.60000000         137.72885520         127.77426029           2.94880388      0.05087
        0.70000000         138.98852271         127.77716637           4.14803663      0.05082
        0.80000000         139.01699904         126.62784473           5.34285872      0.05069
        0.90000000         139.01717130         125.45897127           6.53094600      0.05055
        1.00000000         139.01717158         124.29666091           7.71223314      0.05041
        1.10000000         139.01717158         123.14103568           8.88672907      0.05028
        1.20000000         139.01717158         121.99207810          10.05444577      0.05014
        1.30000000         139.01717158         120.84977472          11.21539541      0.05001
        1.40000000         139.01717158         119.71411317          12.36959021      0.04987
        1.50000000         139.01717158         118.58508133          13.51704239      0.04974
        1.60000000         139.01717158         117.46266715          14.65776419      0.04961
        1.70000000         139.01717158         116.34685857          15.79176790      0.04948
        1.80000000         139.01717158         115.23764349          16.91906579      0.04935
        1.90000000         139.01717158         114.13500983          18.03967019      0.04922
        2.00000000         139.01717158         113.03894545          19.15359344      0.04909
        2.10000000         139.01717158         111.94943821          20.26084789      0.04896
        2.20000000         139.01717158         110.86647594          21.36144592      0.04884
        2.30000000         139.01717158         109.79004645          22.45539996      0.04871
        2.40000000         139.01717158         108.72013753          23.54272242      0.04859
        2.50000000         139.01717158         107.65673692          24.62342577      0.04846
        2.60000000         139.01717158         106.59983237          25.69752250      0.04834
        2.70000000         139.01717158         105.54941158          26.76502511      0.04822
        2.80000000         139.01717158         104.50546223          27.82594613      0.04809
        2.90000000         139.01717158         103.46797199          28.88029814      0.04797
        3.00000000         139.01717158         102.43692848          29.92809371      0.04785
        3.10000000         139.01717158         101.41231931          30.96934547      0.04773
        3.20000000         139.01717158         100.39413204          32.00406606      0.04761
        3.30000000         139.01717158          99.38235424          33.03226815      0.04749
        3.40000000         139.01717158          98.37697342          34.05396445      0.04738
        3.50000000         139.01717158          97.37797706          35.06916768      0.04726
        3.60000000         139.01717158          96.38535264          36.07789062      0.04714
        3.70000000         139.01717158          95.39908758          37.08014604      0.04703
        3.80000000         139.01717158          94.41916928          38.07594678      0.04692
        3.90000000         139.01717158          93.44558512          39.06530569      0.04680
        4.00000000         139.01717158          92.47832243          40.04823565      0.04669
        4.10000000         139.01717158          91.51736852          41.02474959      0.04658
        4.20000000         139.01717158          90.56271066          41.99486045      0.04647
        4.30000000         139.01717158          89.61433610          42.95858122      0.04636
        4.40000000         139.01717158          88.67223205          43.91592492      0.04625
        4.50000000         139.01717158          87.73638568          44.86690460      0.04614
        4.60000000         139.01717158          86.80678414          45.81153336      0.04603
        4.70000000         139.01717158          85.88341451          46.74982431      0.04592
        4.80000000         139.01717158          84.96626389          47.68179063      0.04582
        4.90000000         139.01717158          84.05531929          48.60744550      0.04571
        5.00000000         139.01717158          83.15056772          49.52680216      0.04560
        5.10000000         139.01717158          82.25199613          50.43987389      0.04550
        5.20000000         139.01717158          81.35959145          51.34667400      0.04540
        5.30000000         139.01717158          80.47334056          52.24721585      0.04529
        5.40000000         139.01717158          79.59323029          53.14151281      0.04519
        5.50000000         139.01717158          78.71924746          54.02957834      0.04509
        5.60000000         139.01717158          77.85137883          54.91142590      0.04499
        5.70000000         139.01717158          76.98961112          55.78706901      0.04489
        5.80000000         139.01717158          76.13393100          56.65652122      0.04479
        5.90000000         139.01717158          75.28432512          57.51979615      0.04469
        6.00000000         139.01717158          74.44078006          58.37690743      0.04460
        6.10000000         139.01717158          73.60328239          59.22786876      0.04450
        6.20000000         139.01717158          72.77181859          60.07269388      0.04440
        6.30000000         139.01717158          71.94637514          60.91139657      0.04431
        6.40000000         139.01717158          71.12693844          61.74399067      0.04421
        6.50000000         139.01717158          70.31349487          62.57049003      0.04412
        6.60000000         139.01717158          69.50603074          63.39090861      0.04403
        6.70000000         139.01717158          68.70453232          64.20526037      0.04393
        6.80000000         139.01717158          67.90898584          65.01355933      0.04384
        6.90000000         139.01717158          67.11937746          65.81581958      0.04375
        7.00000000         139.01717158          66.33569331          66.61205525      0.04366
        7.10000000         139.01717158          65.55791945          67.40228051      0.04357
        7.20000000         139.01717158          64.78604191          68.18650961      0.04348
        7.30000000         139.01717158          64.02004664          68.96475683      0.04339
        7.40000000         139.01717158          63.25991956          69.73703651      0.04331
        7.50000000         139.01717158          62.50564652          70.50336306      0.04322
        7.60000000         139.01717158          61.75721332          71.26375094      0.04313
        7.70000000         139.01717158          61.01460570          72.01821465      0.04305
        7.80000000         139.01717158          60.27780934          72.76676878      0.04296
        7.90000000         139.01717158          59.54680988          73.50942796      0.04288
        8.00000000         139.01717158          58.82159287          74.24620689      0.04280
        8.10000000         139.01717158          58.10214383          74.97712031      0.04271
        8.20000000         139.01717158          57.38844820          75.70218306      0.04263
        8.30000000         139.01717158          56.68049135          76.42141001      0.04255
        8.40000000         139.01717158          55.97825862          77.13481611      0.04247
        8.50000000         139.01717158          55.28173524          77.84241637      0.04239
        8.60000000         139.01717158          54.59090642          78.54422588      0.04231
        8.70000000         139.01717158          53.90575727          79.24025978      0.04223
        8.80000000         139.01717158          53.22627285          79.93053330      0.04216
        8.90000000         139.01717158          52.55243814          80.61506171      0.04208
        9.00000000         139.01717158          51.88423806          81.29386037      0.04200
        9.10000000         139.01717158          51.22165745          81.96694472      0.04193
        9.20000000         139.01717158          50.56468109          82.63433026      0.04185
        9.30000000         139.01717158          49.91329368          83.29603257      0.04178
        9.40000000         139.01717158          49.26747985          83.95206730      0.04170
        9.50000000         139.01717158          48.62722414          84.60245019      0.04163
        9.60000000         139.01717158          47.99251102          85.24719704      0.04156
        9.70000000         139.01717158          47.36332490          85.88632374      0.04149
        9.80000000         139.01717158          46.73965008          86.51984627      0.04142
        9.90000000         139.01717158          46.12147082          87.14778067      0.04135
       10.00000000         139.01717158          45.50877125          87.77014308      0.04128
       10.10000000         139.01717158          44.90153545          88.38694972      0.04121
