# time (ps)       Fabs (J/m^2)       E_el (J/m^2)      E_lat (J/m^2)       Delta_E (%)
        0.00001000           0.00000010           0.00003615           0.00411426   **********
        0.10000000           0.02846367           0.00009524           0.00419287      0.84935
        0.20000000           1.28773582           0.00213524           0.00419287      0.99509
        0.30000000          16.61298446           0.01170510           0.00419287      0.99904
        0.40000000          69.50523462           0.02730085           0.00419287      0.99955
        0.50000000         122.40074972           0.03801403           0.00674327      0.99963
        0.60000000         137.72885520           0.04077082           0.01029911      0.99963
        0.70000000         138.98852271           0.04084870           0.01407635      0.99960
        0.80000000         139.01699904           0.04062016           0.01699105      0.99959
        0.90000000         139.01717130           0.04040856           0.01948464      0.99957
        1.00000000         139.01717158           0.04040856           0.02310297      0.99954
        1.10000000         139.01717158           0.04040856           0.02673124      0.99952
        1.20000000         139.01717158           0.03955765           0.02919290      0.99951
        1.30000000         139.01717158           0.03955765           0.03192520      0.99949
        1.40000000         139.01717158           0.03955765           0.03547094      0.99946
        1.50000000         139.01717158           0.03955765           0.03805678      0.99944
        1.60000000         139.01717158           0.03872362           0.04053811      0.99943
        1.70000000         139.01717158           0.03872362           0.04397207      0.99941
        1.80000000         139.01717158           0.03872362           0.04603198      0.99939
        1.90000000         139.01717158           0.03872362           0.04893671      0.99937
        2.00000000         139.01717158           0.03790614           0.05225633      0.99935
        2.10000000         139.01717158           0.03790614           0.05386544      0.99934
        2.20000000         139.01717158           0.03790614           0.05708858      0.99932
        2.30000000         139.01717158           0.03790614           0.05883987      0.99930
        2.40000000         139.01717158           0.03710489           0.06182866      0.99929
        2.50000000         139.01717158           0.03710489           0.06490539      0.99927
        2.60000000         139.01717158           0.03710489           0.06653064      0.99925
        2.70000000         139.01717158           0.03710489           0.06959099      0.99923
        2.80000000         139.01717158           0.03631953           0.07113875      0.99923
        2.90000000         139.01717158           0.03631953           0.07415449      0.99921
        3.00000000         139.01717158           0.03631953           0.07567968      0.99919
        3.10000000         139.01717158           0.03631953           0.07859454      0.99917
        3.20000000         139.01717158           0.03554977           0.08012482      0.99917
        3.30000000         139.01717158           0.03554977           0.08296565      0.99915
        3.40000000         139.01717158           0.03554977           0.08447311      0.99914
        3.50000000         139.01717158           0.03554977           0.08721100      0.99912
        3.60000000         139.01717158           0.03479529           0.08875149      0.99911
        3.70000000         139.01717158           0.03479529           0.09104823      0.99909
        3.80000000         139.01717158           0.03479529           0.09293108      0.99908
        3.90000000         139.01717158           0.03479529           0.09484204      0.99907
        4.00000000         139.01717158           0.03405580           0.09703898      0.99906
        4.10000000         139.01717158           0.03405580           0.09858976      0.99905
        4.20000000         139.01717158           0.03405580           0.10101780      0.99903
        4.30000000         139.01717158           0.03405580           0.10246059      0.99902
        4.40000000         139.01717158           0.03333099           0.10458234      0.99901
        4.50000000         139.01717158           0.03333099           0.10634216      0.99900
        4.60000000         139.01717158           0.03333099           0.10801683      0.99898
        4.70000000         139.01717158           0.03333099           0.11014906      0.99897
        4.80000000         139.01717158           0.03262059           0.11154452      0.99896
        4.90000000         139.01717158           0.03262059           0.11368044      0.99895
        5.00000000         139.01717158           0.03262059           0.11522342      0.99894
        5.10000000         139.01717158           0.03192431           0.11670926      0.99893
        5.20000000         139.01717158           0.03192431           0.11862494      0.99892
        5.30000000         139.01717158           0.03192431           0.12014440      0.99891
        5.40000000         139.01717158           0.03192431           0.12180720      0.99889
        5.50000000         139.01717158           0.03124186           0.12355840      0.99889
        5.60000000         139.01717158           0.03124186           0.12493911      0.99888
        5.70000000         139.01717158           0.03124186           0.12680880      0.99886
        5.80000000         139.01717158           0.03057299           0.12824972      0.99886
        5.90000000         139.01717158           0.03057299           0.12960616      0.99885
        6.00000000         139.01717158           0.03057299           0.13148209      0.99883
        6.10000000         139.01717158           0.03057299           0.13275426      0.99883
        6.20000000         139.01717158           0.02991742           0.13408627      0.99882
        6.30000000         139.01717158           0.02991742           0.13573680      0.99881
        6.40000000         139.01717158           0.02991742           0.13692480      0.99880
        6.50000000         139.01717158           0.02927489           0.13843557      0.99879
        6.60000000         139.01717158           0.02927489           0.13985917      0.99878
        6.70000000         139.01717158           0.02927489           0.14134089      0.99877
        6.80000000         139.01717158           0.02927489           0.14265264      0.99876
        6.90000000         139.01717158           0.02864514           0.14390609      0.99876
        7.00000000         139.01717158           0.02864514           0.14600490      0.99874
        7.10000000         139.01717158           0.02864514           0.14658984      0.99874
        7.20000000         139.01717158           0.02802793           0.14790596      0.99873
        7.30000000         139.01717158           0.02802793           0.14928058      0.99872
        7.40000000         139.01717158           0.02802793           0.15068445      0.99871
        7.50000000         139.01717158           0.02802793           0.15174086      0.99871
        7.60000000         139.01717158           0.02742300           0.15294399      0.99870
        7.70000000         139.01717158           0.02742300           0.15455795      0.99869
        7.80000000         139.01717158           0.02742300           0.15537960      0.99869
        7.90000000         139.01717158           0.02683012           0.15658675      0.99868
        8.00000000         139.01717158           0.02683012           0.15776445      0.99867
        8.10000000         139.01717158           0.02683012           0.15950156      0.99866
        8.20000000         139.01717158           0.02624904           0.16009041      0.99866
        8.30000000         139.01717158           0.02624904           0.16121295      0.99865
        8.40000000         139.01717158           0.02624904           0.16236504      0.99864
        8.50000000         139.01717158           0.02567955           0.16384207      0.99864
        8.60000000         139.01717158           0.02567955           0.16481692      0.99863
        8.70000000         139.01717158           0.02567955           0.16555789      0.99862
        8.80000000         139.01717158           0.02512140           0.16671382      0.99862
        8.90000000         139.01717158           0.02512140           0.16792902      0.99861
        9.00000000         139.01717158           0.02512140           0.16955918      0.99860
        9.10000000         139.01717158           0.02512140           0.16955918      0.99860
        9.20000000         139.01717158           0.02457438           0.17086765      0.99859
        9.30000000         139.01717158           0.02457438           0.17193821      0.99859
        9.40000000         139.01717158           0.02457438           0.17336563      0.99858
        9.50000000         139.01717158           0.02403826           0.17431725      0.99857
        9.60000000         139.01717158           0.02403826           0.17431725      0.99857
        9.70000000         139.01717158           0.02403826           0.17577926      0.99856
        9.80000000         139.01717158           0.02351284           0.17682356      0.99856
        9.90000000         139.01717158           0.02351284           0.17831541      0.99855
       10.00000000         139.01717158           0.02351284           0.17909118      0.99854
       10.10000000         139.01717158           0.02299790           0.17909118      0.99855
