# time (ps)       Fabs (J/m^2)       E_el (J/m^2)      E_lat (J/m^2)       Delta_E (%)
        0.00001000           0.00000000           0.00000000           0.00000000      0.01039
        0.01000000           0.00000000           0.00000000           0.00000000      0.02060
        0.02000000           0.00000000           0.00000000           0.00000000      0.02101
        0.03000000           0.00000000           0.00000000           0.00000000      0.02049
        0.04000000           0.00000000           0.00000000           0.00000000      0.02001
        0.05000000           0.00000001           0.00000001           0.00000000      0.01971
        0.06000000           0.00000001           0.00000001           0.00000000      0.01954
        0.07000000           0.00000003           0.00000003           0.00000000      0.01947
        0.08000000           0.00000006           0.00000006           0.00000000      0.01948
        0.09000000           0.00000013           0.00000013           0.00000000      0.01951
        0.10000000           0.00000027           0.00000026           0.00000000      0.01956
        0.11000000           0.00000055           0.00000053           0.00000001      0.01962
        0.12000000           0.00000110           0.00000107           0.00000001      0.01969
        0.13000000           0.00000217           0.00000210           0.00000003      0.01975
        0.14000000           0.00000423           0.00000408           0.00000006      0.01982
        0.15000000           0.00000811           0.00000783           0.00000012      0.01989
        0.16000000           0.00001535           0.00001482           0.00000022      0.01996
        0.17000000           0.00002866           0.00002766           0.00000043      0.02003
        0.18000000           0.00005281           0.00005094           0.00000080      0.02010
        0.19000000           0.00009600           0.00009257           0.00000149      0.02017
        0.20000000           0.00017220           0.00016599           0.00000273      0.02025
        0.21000000           0.00030480           0.00029367           0.00000494      0.02032
        0.22000000           0.00053235           0.00051267           0.00000882      0.02040
        0.23000000           0.00091747           0.00088315           0.00001553      0.02048
        0.24000000           0.00156031           0.00150121           0.00002701      0.02057
        0.25000000           0.00261860           0.00251815           0.00004635      0.02066
        0.26000000           0.00433683           0.00416832           0.00007850      0.02075
        0.27000000           0.00708821           0.00680916           0.00013118      0.02086
        0.28000000           0.01143335           0.01097724           0.00021622      0.02098
        0.29000000           0.01820111           0.01746531           0.00035137      0.02112
        0.30000000           0.02859724           0.02742585           0.00056260      0.02129
        0.31000000           0.04434739           0.04250749           0.00088696      0.02149
        0.32000000           0.06788075           0.06503026           0.00137560      0.02173
        0.33000000           0.10255999           0.09820555           0.00209695      0.02201
        0.34000000           0.15296127           0.14640474           0.00313937      0.02234
        0.35000000           0.22520494           0.21547742           0.00461316      0.02271
        0.36000000           0.32733283           0.31311548           0.00665167      0.02311
        0.37000000           0.46972142           0.44925274           0.00941156      0.02354
        0.38000000           0.66551227           0.63648187           0.01307231      0.02398
        0.39000000           0.93103144           0.89046106           0.01783505      0.02442
        0.40000000           1.28616008           1.23027345           0.02392090      0.02485
        0.41000000           1.75460857           1.67869324           0.03156867      0.02527
        0.42000000           2.36403924           2.26230502           0.04103213      0.02568
        0.43000000           3.14597866           3.01141903           0.05257679      0.02606
        0.44000000           4.13546144           3.95972617           0.06647636      0.02642
        0.45000000           5.37035550           5.14364435           0.08300892      0.02676
        0.46000000           6.89033419           6.60132249           0.10245288      0.02708
        0.47000000           8.73548403           8.37129192           0.12508270      0.02737
        0.48000000          10.94456745          10.49078412           0.15116446      0.02765
        0.49000000          13.55299596          12.99376885           0.18095131      0.02791
        0.50000000          16.59060656          15.90880319           0.21467881      0.02816
        0.51000000          20.07937068          19.25681685           0.25256037      0.02839
        0.52000000          24.03119347          23.04898699           0.29478279      0.02861
        0.53000000          28.44597953          27.28487325           0.34150219      0.02881
        0.54000000          33.31014357          31.95098552           0.39284027      0.02901
        0.55000000          38.59572917          37.01994241           0.44888138      0.02920
        0.56000000          44.26026542          42.45034533           0.50967014      0.02938
        0.57000000          50.24744052          48.18744417           0.57521005      0.02955
        0.58000000          56.48860906          54.16460963           0.64546300      0.02971
        0.59000000          62.90507973          60.30555988           0.72034973      0.02987
        0.60000000          69.41106189          66.52722267           0.79975141      0.03003
        0.61000000          75.91708910          72.74305588           0.88351203      0.03017
        0.62000000          82.33369304          78.86660654           0.97144185      0.03031
        0.63000000          88.57507764          84.81506565           1.06332152      0.03045
        0.64000000          94.56254291          90.51257624           1.15890692      0.03057
        0.65000000         100.22743213          95.89307580           1.25793447      0.03069
        0.66000000         105.51342029         100.90249761           1.36012672      0.03081
        0.67000000         110.37802215         105.50021385           1.46519811      0.03092
        0.68000000         114.79326672         109.65967048           1.57286053      0.03102
        0.69000000         118.74555466         113.36823074           1.68282870      0.03111
        0.70000000         122.23477775         116.62630534           1.79482507      0.03120
        0.71000000         125.27283003         119.44589567           1.90858410      0.03128
        0.72000000         127.88167393         121.84870897           2.02385585      0.03135
        0.73000000         130.09113975         123.86401876           2.14040880      0.03141
        0.74000000         131.93663454         125.52644097           2.25803186      0.03147
        0.75000000         133.45691845         126.87377897           2.37653551      0.03152
        0.76000000         134.69207758         127.94506188           2.49575225      0.03156
        0.77000000         135.68178645         128.77886592           2.61553631      0.03160
        0.78000000         136.46391537         129.41197164           2.73576276      0.03163
        0.79000000         137.07350218         129.87837515           2.85632617      0.03165
        0.80000000         137.54207718         130.20864203           2.97713891      0.03167
        0.81000000         137.89730664         130.42956968           3.09812927      0.03169
        0.82000000         138.16290487         130.56410920           3.21923940      0.03170
        0.83000000         138.35875673         130.63149040           3.34042334      0.03171
        0.84000000         138.50119166         130.64749242           3.46164511      0.03171
        0.85000000         138.60335420         130.62480675           3.58287694      0.03171
        0.86000000         138.67562339         130.57344657           3.70409765      0.03171
        0.87000000         138.72604316         130.50116580           3.82529136      0.03171
        0.88000000         138.76073561         130.41386061           3.94644627      0.03171
        0.89000000         138.78427826         130.31593553           4.06755373      0.03171
        0.90000000         138.80003485         130.21062401           4.18860748      0.03171
        0.91000000         138.81043537         130.10025948           4.30960300      0.03170
        0.92000000         138.81720608         129.98649773           4.43053712      0.03170
        0.93000000         138.82155318         129.87049430           4.55140756      0.03169
        0.94000000         138.82430583         129.75304244           4.67221275      0.03169
        0.95000000         138.82602489         129.63467794           4.79295160      0.03168
        0.96000000         138.82708369         129.51575684           4.91362334      0.03168
        0.97000000         138.82772686         129.39651200           5.03422743      0.03167
        0.98000000         138.82811218         129.27709329           5.15476353      0.03167
        0.99000000         138.82833985         129.15759563           5.27523137      0.03166
        1.00000000         138.82847252         129.03807821           5.39563078      0.03166
        1.01000000         138.82854877         128.91857732           5.51596165      0.03165
        1.02000000         138.82859199         128.79911488           5.63622389      0.03165
        1.03000000         138.82861615         128.67970389           5.75641744      0.03164
        1.04000000         138.82862947         128.56035194           5.87654229      0.03163
        1.05000000         138.82863671         128.44106337           5.99659839      0.03163
        1.06000000         138.82864059         128.32184062           6.11658573      0.03162
        1.07000000         138.82864265         128.20268503           6.23650432      0.03162
        1.08000000         138.82864372         128.08359731           6.35635414      0.03161
        1.09000000         138.82864427         127.96457781           6.47613520      0.03161
        1.10000000         138.82864455         127.84562670           6.59584750      0.03160
        1.11000000         138.82864469         127.72674406           6.71549105      0.03160
        1.12000000         138.82864476         127.60792989           6.83506585      0.03159
        1.13000000         138.82864479         127.48918419           6.95457192      0.03158
        1.14000000         138.82864481         127.37050693           7.07400927      0.03158
        1.15000000         138.82864482         127.25189809           7.19337790      0.03157
        1.16000000         138.82864482         127.13335763           7.31267782      0.03157
        1.17000000         138.82864482         127.01488553           7.43190905      0.03156
        1.18000000         138.82864482         126.89648176           7.55107160      0.03156
        1.19000000         138.82864482         126.77814630           7.67016548      0.03155
        1.20000000         138.82864482         126.65987912           7.78919071      0.03155
        1.21000000         138.82864482         126.54168021           7.90814728      0.03154
        1.22000000         138.82864482         126.42354953           8.02703523      0.03154
        1.23000000         138.82864482         126.30548707           8.14585455      0.03153
        1.24000000         138.82864482         126.18749282           8.26460526      0.03152
        1.25000000         138.82864482         126.06956674           8.38328737      0.03152
        1.26000000         138.82864482         125.95170884           8.50190089      0.03151
        1.27000000         138.82864482         125.83391908           8.62044585      0.03151
        1.28000000         138.82864482         125.71619745           8.73892224      0.03150
        1.29000000         138.82864482         125.59854394           8.85733008      0.03150
        1.30000000         138.82864482         125.48095853           8.97566939      0.03149
        1.31000000         138.82864482         125.36344121           9.09394017      0.03149
        1.32000000         138.82864482         125.24599196           9.21214244      0.03148
        1.33000000         138.82864482         125.12861077           9.33027621      0.03148
        1.34000000         138.82864482         125.01129762           9.44834149      0.03147
        1.35000000         138.82864482         124.89405250           9.56633830      0.03147
        1.36000000         138.82864482         124.77687540           9.68426665      0.03146
        1.37000000         138.82864482         124.65976630           9.80212654      0.03145
        1.38000000         138.82864482         124.54272520           9.91991800      0.03145
        1.39000000         138.82864482         124.42575207          10.03764103      0.03144
        1.40000000         138.82864482         124.30884690          10.15529565      0.03144
        1.41000000         138.82864482         124.19200969          10.27288187      0.03143
        1.42000000         138.82864482         124.07524041          10.39039969      0.03143
        1.43000000         138.82864482         123.95853906          10.50784915      0.03142
        1.44000000         138.82864482         123.84190562          10.62523023      0.03142
        1.45000000         138.82864482         123.72534009          10.74254297      0.03141
        1.46000000         138.82864482         123.60884244          10.85978736      0.03141
        1.47000000         138.82864482         123.49241266          10.97696343      0.03140
        1.48000000         138.82864482         123.37605075          11.09407119      0.03139
        1.49000000         138.82864482         123.25975669          11.21111064      0.03139
        1.50000000         138.82864482         123.14353047          11.32808180      0.03138
        1.51000000         138.82864482         123.02737207          11.44498469      0.03138
        1.52000000         138.82864482         122.91128148          11.56181930      0.03137
        1.53000000         138.82864482         122.79525870          11.67858567      0.03137
        1.54000000         138.82864482         122.67930370          11.79528379      0.03136
        1.55000000         138.82864482         122.56341648          11.91191369      0.03136
        1.56000000         138.82864482         122.44759702          12.02847537      0.03135
        1.57000000         138.82864482         122.33184532          12.14496885      0.03135
        1.58000000         138.82864482         122.21616135          12.26139414      0.03134
        1.59000000         138.82864482         122.10054511          12.37775124      0.03134
        1.60000000         138.82864482         121.98499658          12.49404018      0.03133
        1.61000000         138.82864482         121.86951575          12.61026097      0.03133
        1.62000000         138.82864482         121.75410262          12.72641362      0.03132
        1.63000000         138.82864482         121.63875716          12.84249813      0.03131
        1.64000000         138.82864482         121.52347936          12.95851453      0.03131
        1.65000000         138.82864482         121.40826922          13.07446283      0.03130
        1.66000000         138.82864482         121.29312672          13.19034303      0.03130
        1.67000000         138.82864482         121.17805184          13.30615515      0.03129
        1.68000000         138.82864482         121.06304458          13.42189920      0.03129
        1.69000000         138.82864482         120.94810492          13.53757520      0.03128
        1.70000000         138.82864482         120.83323286          13.65318316      0.03128
        1.71000000         138.82864482         120.71842837          13.76872309      0.03127
        1.72000000         138.82864482         120.60369145          13.88419500      0.03127
        1.73000000         138.82864482         120.48902208          13.99959890      0.03126
        1.74000000         138.82864482         120.37442026          14.11493481      0.03126
        1.75000000         138.82864482         120.25988596          14.23020274      0.03125
        1.76000000         138.82864482         120.14541918          14.34540270      0.03125
        1.77000000         138.82864482         120.03101990          14.46053471      0.03124
        1.78000000         138.82864482         119.91668812          14.57559877      0.03124
        1.79000000         138.82864482         119.80242382          14.69059490      0.03123
        1.80000000         138.82864482         119.68822698          14.80552312      0.03122
        1.81000000         138.82864482         119.57409760          14.92038342      0.03122
        1.82000000         138.82864482         119.46003566          15.03517583      0.03121
        1.83000000         138.82864482         119.34604115          15.14990037      0.03121
        1.84000000         138.82864482         119.23211406          15.26455703      0.03120
        1.85000000         138.82864482         119.11825438          15.37914583      0.03120
        1.86000000         138.82864482         119.00446209          15.49366680      0.03119
        1.87000000         138.82864482         118.89073718          15.60811993      0.03119
        1.88000000         138.82864482         118.77707964          15.72250524      0.03118
        1.89000000         138.82864482         118.66348946          15.83682274      0.03118
        1.90000000         138.82864482         118.54996662          15.95107245      0.03117
        1.91000000         138.82864482         118.43651111          16.06525438      0.03117
        1.92000000         138.82864482         118.32312292          16.17936854      0.03116
        1.93000000         138.82864482         118.20980204          16.29341494      0.03116
        1.94000000         138.82864482         118.09654845          16.40739360      0.03115
        1.95000000         138.82864482         117.98336215          16.52130452      0.03115
        1.96000000         138.82864482         117.87024311          16.63514773      0.03114
        1.97000000         138.82864482         117.75719134          16.74892322      0.03114
        1.98000000         138.82864482         117.64420681          16.86263103      0.03113
        1.99000000         138.82864482         117.53128951          16.97627115      0.03113
        2.00000000         138.82864482         117.41843943          17.08984360      0.03112
        2.01000000         138.82864482         117.30565656          17.20334839      0.03111
        2.02000000         138.82864482         117.19294088          17.31678554      0.03111
        2.03000000         138.82864482         117.08029239          17.43015506      0.03110
        2.04000000         138.82864482         116.96771107          17.54345695      0.03110
        2.05000000         138.82864482         116.85519691          17.65669124      0.03109
        2.06000000         138.82864482         116.74274989          17.76985793      0.03109
        2.07000000         138.82864482         116.63037001          17.88295704      0.03108
        2.08000000         138.82864482         116.51805725          17.99598859      0.03108
        2.09000000         138.82864482         116.40581160          18.10895257      0.03107
        2.10000000         138.82864482         116.29363304          18.22184901      0.03107
        2.11000000         138.82864482         116.18152157          18.33467791      0.03106
        2.12000000         138.82864482         116.06947717          18.44743930      0.03106
        2.13000000         138.82864482         115.95749983          18.56013317      0.03105
        2.14000000         138.82864482         115.84558954          18.67275956      0.03105
        2.15000000         138.82864482         115.73374628          18.78531846      0.03104
        2.16000000         138.82864482         115.62197005          18.89780988      0.03104
        2.17000000         138.82864482         115.51026082          19.01023386      0.03103
        2.18000000         138.82864482         115.39861859          19.12259038      0.03103
        2.19000000         138.82864482         115.28704335          19.23487948      0.03102
        2.20000000         138.82864482         115.17553508          19.34710115      0.03102
        2.21000000         138.82864482         115.06409377          19.45925542      0.03101
        2.22000000         138.82864482         114.95271940          19.57134229      0.03101
        2.23000000         138.82864482         114.84141198          19.68336177      0.03100
        2.24000000         138.82864482         114.73017147          19.79531389      0.03100
        2.25000000         138.82864482         114.61899787          19.90719865      0.03099
        2.26000000         138.82864482         114.50789118          20.01901607      0.03099
        2.27000000         138.82864482         114.39685137          20.13076615      0.03098
        2.28000000         138.82864482         114.28587843          20.24244891      0.03098
        2.29000000         138.82864482         114.17497235          20.35406437      0.03097
        2.30000000         138.82864482         114.06413312          20.46561253      0.03097
        2.31000000         138.82864482         113.95336073          20.57709340      0.03096
        2.32000000         138.82864482         113.84265515          20.68850701      0.03096
        2.33000000         138.82864482         113.73201639          20.79985336      0.03095
        2.34000000         138.82864482         113.62144443          20.91113246      0.03095
        2.35000000         138.82864482         113.51093926          21.02234434      0.03094
        2.36000000         138.82864482         113.40050085          21.13348899      0.03093
        2.37000000         138.82864482         113.29012921          21.24456644      0.03093
        2.38000000         138.82864482         113.17982432          21.35557669      0.03092
        2.39000000         138.82864482         113.06958616          21.46651976      0.03092
        2.40000000         138.82864482         112.95941473          21.57739566      0.03091
        2.41000000         138.82864482         112.84931001          21.68820440      0.03091
        2.42000000         138.82864482         112.73927199          21.79894600      0.03090
        2.43000000         138.82864482         112.62930065          21.90962046      0.03090
        2.44000000         138.82864482         112.51939599          22.02022781      0.03089
        2.45000000         138.82864482         112.40955798          22.13076805      0.03089
        2.46000000         138.82864482         112.29978663          22.24124119      0.03088
        2.47000000         138.82864482         112.19008191          22.35164726      0.03088
        2.48000000         138.82864482         112.08044382          22.46198625      0.03087
        2.49000000         138.82864482         111.97087234          22.57225819      0.03087
        2.50000000         138.82864482         111.86136746          22.68246308      0.03086
        2.51000000         138.82864482         111.75192916          22.79260095      0.03086
        2.52000000         138.82864482         111.64255744          22.90267179      0.03085
        2.53000000         138.82864482         111.53325228          23.01267563      0.03085
        2.54000000         138.82864482         111.42401366          23.12261248      0.03084
        2.55000000         138.82864482         111.31484159          23.23248234      0.03084
        2.56000000         138.82864482         111.20573603          23.34228524      0.03083
        2.57000000         138.82864482         111.09669699          23.45202117      0.03083
        2.58000000         138.82864482         110.98772445          23.56169017      0.03082
        2.59000000         138.82864482         110.87881839          23.67129224      0.03082
        2.60000000         138.82864482         110.76997881          23.78082739      0.03081
        2.61000000         138.82864482         110.66120569          23.89029563      0.03081
        2.62000000         138.82864482         110.55249902          23.99969698      0.03080
        2.63000000         138.82864482         110.44385878          24.10903145      0.03080
        2.64000000         138.82864482         110.33528497          24.21829905      0.03079
        2.65000000         138.82864482         110.22677756          24.32749980      0.03079
        2.66000000         138.82864482         110.11833656          24.43663370      0.03078
        2.67000000         138.82864482         110.00996194          24.54570078      0.03078
        2.68000000         138.82864482         109.90165370          24.65470104      0.03077
        2.69000000         138.82864482         109.79341182          24.76363449      0.03077
        2.70000000         138.82864482         109.68523628          24.87250115      0.03076
        2.71000000         138.82864482         109.57712708          24.98130104      0.03076
        2.72000000         138.82864482         109.46908421          25.09003415      0.03075
        2.73000000         138.82864482         109.36110764          25.19870052      0.03075
        2.74000000         138.82864482         109.25319738          25.30730014      0.03074
        2.75000000         138.82864482         109.14535340          25.41583303      0.03074
        2.76000000         138.82864482         109.03757569          25.52429921      0.03073
        2.77000000         138.82864482         108.92986424          25.63269868      0.03073
        2.78000000         138.82864482         108.82221904          25.74103146      0.03072
        2.79000000         138.82864482         108.71464008          25.84929757      0.03072
        2.80000000         138.82864482         108.60712734          25.95749701      0.03071
        2.81000000         138.82864482         108.49968081          26.06562980      0.03071
        2.82000000         138.82864482         108.39230048          26.17369594      0.03070
        2.83000000         138.82864482         108.28498633          26.28169546      0.03070
        2.84000000         138.82864482         108.17773835          26.38962837      0.03069
        2.85000000         138.82864482         108.07055654          26.49749467      0.03069
        2.86000000         138.82864482         107.96344087          26.60529439      0.03068
        2.87000000         138.82864482         107.85639134          26.71302752      0.03068
        2.88000000         138.82864482         107.74940793          26.82069410      0.03067
        2.89000000         138.82864482         107.64249062          26.92829412      0.03067
        2.90000000         138.82864482         107.53563942          27.03582760      0.03066
        2.91000000         138.82864482         107.42885430          27.14329456      0.03066
        2.92000000         138.82864482         107.32213525          27.25069500      0.03066
        2.93000000         138.82864482         107.21548226          27.35802895      0.03065
        2.94000000         138.82864482         107.10889532          27.46529640      0.03065
        2.95000000         138.82864482         107.00237441          27.57249738      0.03064
        2.96000000         138.82864482         106.89591953          27.67963190      0.03064
        2.97000000         138.82864482         106.78953065          27.78669997      0.03063
        2.98000000         138.82864482         106.68320777          27.89370160      0.03063
        2.99000000         138.82864482         106.57695087          28.00063681      0.03062
        3.00000000         138.82864482         106.47075994          28.10750560      0.03062
        3.01000000         138.82864482         106.36463497          28.21430800      0.03061
        3.02000000         138.82864482         106.25857595          28.32104401      0.03061
        3.03000000         138.82864482         106.15258285          28.42771365      0.03060
        3.04000000         138.82864482         106.04665568          28.53431692      0.03060
        3.05000000         138.82864482         105.94079442          28.64085385      0.03059
        3.06000000         138.82864482         105.83499905          28.74732445      0.03059
        3.07000000         138.82864482         105.72926957          28.85372872      0.03058
        3.08000000         138.82864482         105.62360595          28.96006668      0.03058
        3.09000000         138.82864482         105.51800820          29.06633834      0.03057
        3.10000000         138.82864482         105.41247628          29.17254372      0.03057
        3.11000000         138.82864482         105.30701020          29.27868283      0.03056
        3.12000000         138.82864482         105.20160994          29.38475567      0.03056
        3.13000000         138.82864482         105.09627548          29.49076228      0.03055
        3.14000000         138.82864482         104.99100682          29.59670265      0.03055
        3.15000000         138.82864482         104.88580394          29.70257679      0.03054
        3.16000000         138.82864482         104.78066683          29.80838473      0.03054
        3.17000000         138.82864482         104.67559547          29.91412648      0.03053
        3.18000000         138.82864482         104.57058986          30.01980204      0.03053
        3.19000000         138.82864482         104.46564997          30.12541144      0.03052
        3.20000000         138.82864482         104.36077581          30.23095467      0.03052
        3.21000000         138.82864482         104.25596735          30.33643177      0.03051
        3.22000000         138.82864482         104.15122458          30.44184273      0.03051
        3.23000000         138.82864482         104.04654749          30.54718757      0.03050
        3.24000000         138.82864482         103.94193607          30.65246631      0.03050
        3.25000000         138.82864482         103.83739031          30.75767895      0.03049
        3.26000000         138.82864482         103.73291018          30.86282552      0.03049
        3.27000000         138.82864482         103.62849569          30.96790601      0.03049
        3.28000000         138.82864482         103.52414681          31.07292045      0.03048
        3.29000000         138.82864482         103.41986353          31.17786885      0.03048
        3.30000000         138.82864482         103.31564585          31.28275123      0.03047
        3.31000000         138.82864482         103.21149374          31.38756758      0.03047
        3.32000000         138.82864482         103.10740720          31.49231793      0.03046
        3.33000000         138.82864482         103.00338621          31.59700229      0.03046
        3.34000000         138.82864482         102.89943077          31.70162068      0.03045
        3.35000000         138.82864482         102.79554085          31.80617310      0.03045
        3.36000000         138.82864482         102.69171644          31.91065956      0.03044
        3.37000000         138.82864482         102.58795754          32.01508009      0.03044
        3.38000000         138.82864482         102.48426412          32.11943469      0.03043
        3.39000000         138.82864482         102.38063618          32.22372338      0.03043
        3.40000000         138.82864482         102.27707371          32.32794616      0.03042
        3.41000000         138.82864482         102.17357668          32.43210306      0.03042
        3.42000000         138.82864482         102.07014510          32.53619408      0.03041
        3.43000000         138.82864482         101.96677894          32.64021924      0.03041
        3.44000000         138.82864482         101.86347819          32.74417855      0.03040
        3.45000000         138.82864482         101.76024284          32.84807203      0.03040
        3.46000000         138.82864482         101.65707288          32.95189967      0.03039
        3.47000000         138.82864482         101.55396830          33.05566151      0.03039
        3.48000000         138.82864482         101.45092907          33.15935755      0.03039
        3.49000000         138.82864482         101.34795520          33.26298781      0.03038
        3.50000000         138.82864482         101.24504666          33.36655229      0.03038
        3.51000000         138.82864482         101.14220345          33.47005102      0.03037
        3.52000000         138.82864482         101.03942554          33.57348399      0.03037
        3.53000000         138.82864482         100.93671293          33.67685123      0.03036
        3.54000000         138.82864482         100.83406561          33.78015276      0.03036
        3.55000000         138.82864482         100.73148356          33.88338857      0.03035
        3.56000000         138.82864482         100.62896677          33.98655869      0.03035
        3.57000000         138.82864482         100.52651523          34.08966312      0.03034
        3.58000000         138.82864482         100.42412892          34.19270189      0.03034
        3.59000000         138.82864482         100.32180783          34.29567500      0.03033
        3.60000000         138.82864482         100.21955195          34.39858246      0.03033
        3.61000000         138.82864482         100.11736127          34.50142430      0.03032
        3.62000000         138.82864482         100.01523577          34.60420051      0.03032
        3.63000000         138.82864482          99.91317544          34.70691113      0.03031
        3.64000000         138.82864482          99.81118026          34.80955614      0.03031
        3.65000000         138.82864482          99.70925023          34.91213558      0.03031
        3.66000000         138.82864482          99.60738533          35.01464946      0.03030
        3.67000000         138.82864482          99.50558555          35.11709778      0.03030
        3.68000000         138.82864482          99.40385088          35.21948056      0.03029
        3.69000000         138.82864482          99.30218130          35.32179781      0.03029
        3.70000000         138.82864482          99.20057680          35.42404955      0.03028
        3.71000000         138.82864482          99.09903737          35.52623578      0.03028
        3.72000000         138.82864482          98.99756299          35.62835653      0.03027
        3.73000000         138.82864482          98.89615365          35.73041180      0.03027
        3.74000000         138.82864482          98.79480934          35.83240160      0.03026
        3.75000000         138.82864482          98.69353005          35.93432596      0.03026
        3.76000000         138.82864482          98.59231576          36.03618488      0.03025
        3.77000000         138.82864482          98.49116647          36.13797837      0.03025
        3.78000000         138.82864482          98.39008215          36.23970646      0.03024
        3.79000000         138.82864482          98.28906279          36.34136914      0.03024
        3.80000000         138.82864482          98.18810839          36.44296644      0.03024
        3.81000000         138.82864482          98.08721892          36.54449837      0.03023
        3.82000000         138.82864482          97.98639438          36.64596494      0.03023
        3.83000000         138.82864482          97.88563476          36.74736616      0.03022
        3.84000000         138.82864482          97.78494003          36.84870205      0.03022
        3.85000000         138.82864482          97.68431019          36.94997261      0.03021
        3.86000000         138.82864482          97.58374523          37.05117787      0.03021
        3.87000000         138.82864482          97.48324513          37.15231784      0.03020
        3.88000000         138.82864482          97.38280988          37.25339252      0.03020
        3.89000000         138.82864482          97.28243946          37.35440193      0.03019
        3.90000000         138.82864482          97.18213387          37.45534609      0.03019
        3.91000000         138.82864482          97.08189309          37.55622501      0.03018
        3.92000000         138.82864482          96.98171710          37.65703869      0.03018
        3.93000000         138.82864482          96.88160590          37.75778716      0.03018
        3.94000000         138.82864482          96.78155947          37.85847042      0.03017
        3.95000000         138.82864482          96.68157780          37.95908850      0.03017
        3.96000000         138.82864482          96.58166088          38.05964139      0.03016
        3.97000000         138.82864482          96.48180868          38.16012912      0.03016
        3.98000000         138.82864482          96.38202121          38.26055170      0.03015
        3.99000000         138.82864482          96.28229845          38.36090914      0.03015
        4.00000000         138.82864482          96.18264038          38.46120146      0.03014
        4.01000000         138.82864482          96.08304699          38.56142866      0.03014
        4.02000000         138.82864482          95.98351826          38.66159076      0.03013
        4.03000000         138.82864482          95.88405420          38.76168777      0.03013
        4.04000000         138.82864482          95.78465477          38.86171971      0.03013
        4.05000000         138.82864482          95.68531998          38.96168659      0.03012
        4.06000000         138.82864482          95.58604980          39.06158842      0.03012
        4.07000000         138.82864482          95.48684423          39.16142522      0.03011
        4.08000000         138.82864482          95.38770324          39.26119699      0.03011
        4.09000000         138.82864482          95.28862684          39.36090376      0.03010
        4.10000000         138.82864482          95.18961499          39.46054553      0.03010
        4.11000000         138.82864482          95.09066771          39.56012232      0.03009
        4.12000000         138.82864482          94.99178495          39.65963414      0.03009
        4.13000000         138.82864482          94.89296673          39.75908100      0.03008
        4.14000000         138.82864482          94.79421302          39.85846292      0.03008
        4.15000000         138.82864482          94.69552381          39.95777991      0.03008
        4.16000000         138.82864482          94.59689908          40.05703198      0.03007
        4.17000000         138.82864482          94.49833883          40.15621914      0.03007
        4.18000000         138.82864482          94.39984304          40.25534142      0.03006
        4.19000000         138.82864482          94.30141170          40.35439882      0.03006
        4.20000000         138.82864482          94.20304479          40.45339135      0.03005
        4.21000000         138.82864482          94.10474230          40.55231903      0.03005
        4.22000000         138.82864482          94.00650423          40.65118187      0.03004
        4.23000000         138.82864482          93.90833055          40.74997989      0.03004
        4.24000000         138.82864482          93.81022125          40.84871309      0.03003
        4.25000000         138.82864482          93.71217632          40.94738149      0.03003
        4.26000000         138.82864482          93.61419575          41.04598511      0.03003
        4.27000000         138.82864482          93.51627953          41.14452395      0.03002
        4.28000000         138.82864482          93.41842763          41.24299803      0.03002
        4.29000000         138.82864482          93.32064006          41.34140737      0.03001
        4.30000000         138.82864482          93.22291679          41.43975197      0.03001
        4.31000000         138.82864482          93.12525781          41.53803185      0.03000
        4.32000000         138.82864482          93.02766311          41.63624702      0.03000
        4.33000000         138.82864482          92.93013267          41.73439750      0.02999
        4.34000000         138.82864482          92.83266649          41.83248330      0.02999
        4.35000000         138.82864482          92.73526455          41.93050443      0.02999
        4.36000000         138.82864482          92.63792683          42.02846090      0.02998
        4.37000000         138.82864482          92.54065333          42.12635273      0.02998
        4.38000000         138.82864482          92.44344403          42.22417993      0.02997
        4.39000000         138.82864482          92.34629892          42.32194251      0.02997
        4.40000000         138.82864482          92.24921798          42.41964049      0.02996
        4.41000000         138.82864482          92.15220121          42.51727389      0.02996
        4.42000000         138.82864482          92.05524858          42.61484270      0.02995
        4.43000000         138.82864482          91.95836009          42.71234695      0.02995
        4.44000000         138.82864482          91.86153572          42.80978665      0.02995
        4.45000000         138.82864482          91.76477546          42.90716182      0.02994
        4.46000000         138.82864482          91.66807929          43.00447246      0.02994
        4.47000000         138.82864482          91.57144721          43.10171859      0.02993
        4.48000000         138.82864482          91.47487920          43.19890022      0.02993
        4.49000000         138.82864482          91.37837525          43.29601737      0.02992
        4.50000000         138.82864482          91.28193534          43.39307005      0.02992
        4.51000000         138.82864482          91.18555946          43.49005826      0.02991
        4.52000000         138.82864482          91.08924760          43.58698204      0.02991
        4.53000000         138.82864482          90.99299974          43.68384138      0.02991
        4.54000000         138.82864482          90.89681588          43.78063630      0.02990
        4.55000000         138.82864482          90.80069599          43.87736682      0.02990
        4.56000000         138.82864482          90.70464007          43.97403295      0.02989
        4.57000000         138.82864482          90.60864810          44.07063469      0.02989
        4.58000000         138.82864482          90.51272007          44.16717207      0.02988
        4.59000000         138.82864482          90.41685597          44.26364510      0.02988
        4.60000000         138.82864482          90.32105578          44.36005379      0.02988
        4.61000000         138.82864482          90.22531949          44.45639816      0.02987
        4.62000000         138.82864482          90.12964708          44.55267821      0.02987
        4.63000000         138.82864482          90.03403855          44.64889396      0.02986
        4.64000000         138.82864482          89.93849388          44.74504542      0.02986
        4.65000000         138.82864482          89.84301306          44.84113261      0.02985
        4.66000000         138.82864482          89.74759607          44.93715554      0.02985
        4.67000000         138.82864482          89.65224291          45.03311423      0.02984
        4.68000000         138.82864482          89.55695355          45.12900868      0.02984
        4.69000000         138.82864482          89.46172798          45.22483891      0.02984
        4.70000000         138.82864482          89.36656620          45.32060493      0.02983
        4.71000000         138.82864482          89.27146818          45.41630676      0.02983
        4.72000000         138.82864482          89.17643392          45.51194441      0.02982
        4.73000000         138.82864482          89.08146341          45.60751790      0.02982
        4.74000000         138.82864482          88.98655662          45.70302722      0.02981
        4.75000000         138.82864482          88.89171355          45.79847241      0.02981
        4.76000000         138.82864482          88.79693418          45.89385347      0.02981
        4.77000000         138.82864482          88.70221849          45.98917042      0.02980
        4.78000000         138.82864482          88.60756649          46.08442326      0.02980
        4.79000000         138.82864482          88.51297815          46.17961202      0.02979
        4.80000000         138.82864482          88.41845346          46.27473670      0.02979
        4.81000000         138.82864482          88.32399240          46.36979733      0.02978
        4.82000000         138.82864482          88.22959497          46.46479390      0.02978
        4.83000000         138.82864482          88.13526115          46.55972644      0.02978
        4.84000000         138.82864482          88.04099092          46.65459496      0.02977
        4.85000000         138.82864482          87.94678428          46.74939947      0.02977
        4.86000000         138.82864482          87.85264121          46.84413999      0.02976
        4.87000000         138.82864482          87.75856170          46.93881652      0.02976
        4.88000000         138.82864482          87.66454573          47.03342909      0.02975
        4.89000000         138.82864482          87.57059329          47.12797770      0.02975
        4.90000000         138.82864482          87.47670437          47.22246237      0.02975
        4.91000000         138.82864482          87.38287895          47.31688312      0.02974
        4.92000000         138.82864482          87.28911703          47.41123995      0.02974
        4.93000000         138.82864482          87.19541858          47.50553287      0.02973
        4.94000000         138.82864482          87.10178360          47.59976191      0.02973
        4.95000000         138.82864482          87.00821207          47.69392708      0.02972
        4.96000000         138.82864482          86.91470397          47.78802838      0.02972
        4.97000000         138.82864482          86.82125931          47.88206584      0.02972
        4.98000000         138.82864482          86.72787805          47.97603946      0.02971
        4.99000000         138.82864482          86.63456019          48.06994926      0.02971
        5.00000000         138.82864482          86.54130572          48.16379525      0.02970
        5.01000000         138.82864482          86.44811462          48.25757745      0.02970
        5.02000000         138.82864482          86.35498688          48.35129587      0.02969
        5.03000000         138.82864482          86.26192248          48.44495052      0.02969
        5.04000000         138.82864482          86.16892142          48.53854141      0.02969
        5.05000000         138.82864482          86.07598367          48.63206856      0.02968
        5.06000000         138.82864482          85.98310923          48.72553199      0.02968
        5.07000000         138.82864482          85.89029809          48.81893170      0.02967
        5.08000000         138.82864482          85.79755022          48.91226771      0.02967
        5.09000000         138.82864482          85.70486561          49.00554004      0.02966
        5.10000000         138.82864482          85.61224426          49.09874869      0.02966
        5.11000000         138.82864482          85.51968615          49.19189367      0.02966
        5.12000000         138.82864482          85.42719126          49.28497502      0.02965
        5.13000000         138.82864482          85.33475959          49.37799272      0.02965
        5.14000000         138.82864482          85.24239112          49.47094681      0.02964
        5.15000000         138.82864482          85.15008583          49.56383729      0.02964
        5.16000000         138.82864482          85.05784371          49.65666418      0.02963
        5.17000000         138.82864482          84.96566475          49.74942748      0.02963
        5.18000000         138.82864482          84.87354894          49.84212722      0.02963
        5.19000000         138.82864482          84.78149626          49.93476341      0.02962
        5.20000000         138.82864482          84.68950670          50.02733606      0.02962
        5.21000000         138.82864482          84.59758025          50.11984518      0.02961
        5.22000000         138.82864482          84.50571689          50.21229078      0.02961
        5.23000000         138.82864482          84.41391660          50.30467289      0.02961
        5.24000000         138.82864482          84.32217938          50.39699151      0.02960
        5.25000000         138.82864482          84.23050522          50.48924666      0.02960
        5.26000000         138.82864482          84.13889409          50.58143835      0.02959
        5.27000000         138.82864482          84.04734599          50.67356660      0.02959
        5.28000000         138.82864482          83.95586090          50.76563141      0.02958
        5.29000000         138.82864482          83.86443881          50.85763280      0.02958
        5.30000000         138.82864482          83.77307971          50.94957079      0.02958
        5.31000000         138.82864482          83.68178358          51.04144539      0.02957
        5.32000000         138.82864482          83.59055040          51.13325660      0.02957
        5.33000000         138.82864482          83.49938018          51.22500446      0.02956
        5.34000000         138.82864482          83.40827288          51.31668896      0.02956
        5.35000000         138.82864482          83.31722850          51.40831012      0.02956
        5.36000000         138.82864482          83.22624703          51.49986796      0.02955
        5.37000000         138.82864482          83.13532845          51.59136249      0.02955
        5.38000000         138.82864482          83.04447274          51.68279372      0.02954
        5.39000000         138.82864482          82.95367991          51.77416167      0.02954
        5.40000000         138.82864482          82.86294992          51.86546634      0.02953
        5.41000000         138.82864482          82.77228277          51.95670776      0.02953
        5.42000000         138.82864482          82.68167845          52.04788594      0.02953
        5.43000000         138.82864482          82.59113693          52.13900089      0.02952
        5.44000000         138.82864482          82.50065822          52.23005262      0.02952
        5.45000000         138.82864482          82.41024228          52.32104115      0.02951
        5.46000000         138.82864482          82.31988912          52.41196649      0.02951
        5.47000000         138.82864482          82.22959872          52.50282865      0.02951
        5.48000000         138.82864482          82.13937106          52.59362765      0.02950
        5.49000000         138.82864482          82.04920613          52.68436350      0.02950
        5.50000000         138.82864482          81.95910392          52.77503622      0.02949
        5.51000000         138.82864482          81.86906441          52.86564582      0.02949
        5.52000000         138.82864482          81.77908759          52.95619231      0.02949
        5.53000000         138.82864482          81.68917345          53.04667570      0.02948
        5.54000000         138.82864482          81.59932197          53.13709602      0.02948
        5.55000000         138.82864482          81.50953314          53.22745326      0.02947
        5.56000000         138.82864482          81.41980695          53.31774746      0.02947
        5.57000000         138.82864482          81.33014338          53.40797861      0.02946
        5.58000000         138.82864482          81.24054242          53.49814674      0.02946
        5.59000000         138.82864482          81.15100405          53.58825185      0.02946
        5.60000000         138.82864482          81.06152827          53.67829397      0.02945
        5.61000000         138.82864482          80.97211505          53.76827309      0.02945
        5.62000000         138.82864482          80.88276439          53.85818925      0.02944
        5.63000000         138.82864482          80.79347627          53.94804245      0.02944
        5.64000000         138.82864482          80.70425068          54.03783271      0.02944
        5.65000000         138.82864482          80.61508761          54.12756003      0.02943
        5.66000000         138.82864482          80.52598703          54.21722444      0.02943
        5.67000000         138.82864482          80.43694894          54.30682594      0.02942
        5.68000000         138.82864482          80.34797333          54.39636455      0.02942
        5.69000000         138.82864482          80.25906018          54.48584029      0.02942
        5.70000000         138.82864482          80.17020947          54.57525316      0.02941
        5.71000000         138.82864482          80.08142120          54.66460318      0.02941
        5.72000000         138.82864482          79.99269534          54.75389037      0.02940
        5.73000000         138.82864482          79.90403190          54.84311474      0.02940
        5.74000000         138.82864482          79.81543084          54.93227629      0.02940
        5.75000000         138.82864482          79.72689217          55.02137506      0.02939
        5.76000000         138.82864482          79.63841586          55.11041104      0.02939
        5.77000000         138.82864482          79.55000190          55.19938425      0.02938
        5.78000000         138.82864482          79.46165028          55.28829471      0.02938
        5.79000000         138.82864482          79.37336098          55.37714243      0.02938
        5.80000000         138.82864482          79.28513400          55.46592743      0.02937
        5.81000000         138.82864482          79.19696931          55.55464971      0.02937
        5.82000000         138.82864482          79.10886691          55.64330929      0.02936
        5.83000000         138.82864482          79.02082678          55.73190619      0.02936
        5.84000000         138.82864482          78.93284891          55.82044042      0.02936
        5.85000000         138.82864482          78.84493327          55.90891198      0.02935
        5.86000000         138.82864482          78.75707987          55.99732091      0.02935
        5.87000000         138.82864482          78.66928868          56.08566720      0.02934
        5.88000000         138.82864482          78.58155970          56.17395088      0.02934
        5.89000000         138.82864482          78.49389291          56.26217195      0.02934
        5.90000000         138.82864482          78.40628828          56.35033044      0.02933
        5.91000000         138.82864482          78.31874583          56.43842635      0.02933
        5.92000000         138.82864482          78.23126551          56.52645970      0.02932
        5.93000000         138.82864482          78.14384734          56.61443050      0.02932
        5.94000000         138.82864482          78.05649128          56.70233876      0.02932
        5.95000000         138.82864482          77.96919733          56.79018451      0.02931
        5.96000000         138.82864482          77.88196547          56.87796774      0.02931
        5.97000000         138.82864482          77.79479570          56.96568849      0.02930
        5.98000000         138.82864482          77.70768799          57.05334676      0.02930
        5.99000000         138.82864482          77.62064233          57.14094256      0.02930
        6.00000000         138.82864482          77.53365871          57.22847590      0.02929
        6.01000000         138.82864482          77.44673711          57.31594682      0.02929
        6.02000000         138.82864482          77.35987753          57.40335530      0.02928
        6.03000000         138.82864482          77.27307994          57.49070138      0.02928
        6.04000000         138.82864482          77.18634434          57.57798506      0.02928
        6.05000000         138.82864482          77.09967070          57.66520635      0.02927
        6.06000000         138.82864482          77.01305903          57.75236528      0.02927
        6.07000000         138.82864482          76.92650929          57.83946185      0.02926
        6.08000000         138.82864482          76.84002149          57.92649609      0.02926
        6.09000000         138.82864482          76.75359560          58.01346799      0.02926
        6.10000000         138.82864482          76.66723161          58.10037758      0.02925
        6.11000000         138.82864482          76.58092951          58.18722487      0.02925
        6.12000000         138.82864482          76.49468928          58.27400987      0.02924
        6.13000000         138.82864482          76.40851091          58.36073260      0.02924
        6.14000000         138.82864482          76.32239439          58.44739308      0.02924
        6.15000000         138.82864482          76.23633971          58.53399131      0.02923
        6.16000000         138.82864482          76.15034684          58.62052730      0.02923
        6.17000000         138.82864482          76.06441578          58.70700108      0.02922
        6.18000000         138.82864482          75.97854651          58.79341266      0.02922
        6.19000000         138.82864482          75.89273901          58.87976205      0.02922
        6.20000000         138.82864482          75.80699328          58.96604926      0.02921
        6.21000000         138.82864482          75.72130931          59.05227432      0.02921
        6.22000000         138.82864482          75.63568706          59.13843722      0.02921
        6.23000000         138.82864482          75.55012654          59.22453799      0.02920
        6.24000000         138.82864482          75.46462773          59.31057664      0.02920
        6.25000000         138.82864482          75.37919062          59.39655318      0.02919
        6.26000000         138.82864482          75.29381518          59.48246764      0.02919
        6.27000000         138.82864482          75.20850142          59.56832001      0.02919
        6.28000000         138.82864482          75.12324931          59.65411032      0.02918
        6.29000000         138.82864482          75.03805883          59.73983858      0.02918
        6.30000000         138.82864482          74.95292999          59.82550480      0.02917
        6.31000000         138.82864482          74.86786275          59.91110900      0.02917
        6.32000000         138.82864482          74.78285712          59.99665120      0.02917
        6.33000000         138.82864482          74.69791307          60.08213139      0.02916
        6.34000000         138.82864482          74.61303059          60.16754961      0.02916
        6.35000000         138.82864482          74.52820967          60.25290586      0.02915
        6.36000000         138.82864482          74.44345029          60.33820015      0.02915
        6.37000000         138.82864482          74.35875244          60.42343251      0.02915
        6.38000000         138.82864482          74.27411610          60.50860294      0.02914
        6.39000000         138.82864482          74.18954127          60.59371147      0.02914
        6.40000000         138.82864482          74.10502792          60.67875809      0.02914
        6.41000000         138.82864482          74.02057605          60.76374283      0.02913
        6.42000000         138.82864482          73.93618564          60.84866570      0.02913
        6.43000000         138.82864482          73.85185668          60.93352672      0.02912
        6.44000000         138.82864482          73.76758914          61.01832589      0.02912
        6.45000000         138.82864482          73.68338303          61.10306324      0.02912
        6.46000000         138.82864482          73.59923832          61.18773878      0.02911
        6.47000000         138.82864482          73.51515500          61.27235251      0.02911
        6.48000000         138.82864482          73.43113306          61.35690446      0.02910
        6.49000000         138.82864482          73.34717248          61.44139464      0.02910
        6.50000000         138.82864482          73.26327325          61.52582306      0.02910
        6.51000000         138.82864482          73.17943536          61.61018974      0.02909
        6.52000000         138.82864482          73.09565878          61.69449469      0.02909
        6.53000000         138.82864482          73.01194351          61.77873792      0.02909
        6.54000000         138.82864482          72.92828954          61.86291945      0.02908
        6.55000000         138.82864482          72.84469685          61.94703930      0.02908
        6.56000000         138.82864482          72.76116542          62.03109747      0.02907
        6.57000000         138.82864482          72.67769524          62.11509398      0.02907
        6.58000000         138.82864482          72.59428630          62.19902885      0.02907
        6.59000000         138.82864482          72.51093859          62.28290208      0.02906
        6.60000000         138.82864482          72.42765208          62.36671370      0.02906
        6.61000000         138.82864482          72.34442677          62.45046372      0.02906
        6.62000000         138.82864482          72.26126264          62.53415215      0.02905
        6.63000000         138.82864482          72.17815968          62.61777900      0.02905
        6.64000000         138.82864482          72.09511787          62.70134429      0.02904
        6.65000000         138.82864482          72.01213721          62.78484803      0.02904
        6.66000000         138.82864482          71.92921767          62.86829025      0.02904
        6.67000000         138.82864482          71.84635924          62.95167094      0.02903
        6.68000000         138.82864482          71.76356190          63.03499013      0.02903
        6.69000000         138.82864482          71.68082566          63.11824783      0.02903
        6.70000000         138.82864482          71.59815048          63.20144405      0.02902
        6.71000000         138.82864482          71.51553636          63.28457881      0.02902
        6.72000000         138.82864482          71.43298328          63.36765212      0.02901
        6.73000000         138.82864482          71.35049122          63.45066400      0.02901
        6.74000000         138.82864482          71.26806019          63.53361446      0.02901
        6.75000000         138.82864482          71.18569015          63.61650351      0.02900
        6.76000000         138.82864482          71.10338109          63.69933117      0.02900
        6.77000000         138.82864482          71.02113301          63.78209746      0.02900
        6.78000000         138.82864482          70.93894589          63.86480238      0.02899
        6.79000000         138.82864482          70.85681971          63.94744595      0.02899
        6.80000000         138.82864482          70.77475446          64.03002819      0.02898
        6.81000000         138.82864482          70.69275012          64.11254910      0.02898
        6.82000000         138.82864482          70.61080669          64.19500871      0.02898
        6.83000000         138.82864482          70.52892414          64.27740703      0.02897
        6.84000000         138.82864482          70.44710247          64.35974407      0.02897
        6.85000000         138.82864482          70.36534166          64.44201984      0.02897
        6.86000000         138.82864482          70.28364169          64.52423436      0.02896
        6.87000000         138.82864482          70.20200255          64.60638765      0.02896
        6.88000000         138.82864482          70.12042423          64.68847972      0.02895
        6.89000000         138.82864482          70.03890672          64.77051058      0.02895
        6.90000000         138.82864482          69.95744999          64.85248025      0.02895
        6.91000000         138.82864482          69.87605403          64.93438873      0.02894
        6.92000000         138.82864482          69.79471884          65.01623606      0.02894
        6.93000000         138.82864482          69.71344439          65.09802223      0.02894
        6.94000000         138.82864482          69.63223068          65.17974726      0.02893
        6.95000000         138.82864482          69.55107768          65.26141118      0.02893
        6.96000000         138.82864482          69.46998539          65.34301398      0.02893
        6.97000000         138.82864482          69.38895379          65.42455569      0.02892
        6.98000000         138.82864482          69.30798286          65.50603633      0.02892
        6.99000000         138.82864482          69.22707259          65.58745590      0.02891
        7.00000000         138.82864482          69.14622298          65.66881441      0.02891
        7.01000000         138.82864482          69.06543399          65.75011189      0.02891
        7.02000000         138.82864482          68.98470563          65.83134835      0.02890
        7.03000000         138.82864482          68.90403787          65.91252380      0.02890
        7.04000000         138.82864482          68.82343070          65.99363826      0.02890
        7.05000000         138.82864482          68.74288410          66.07469173      0.02889
        7.06000000         138.82864482          68.66239807          66.15568424      0.02889
        7.07000000         138.82864482          68.58197259          66.23661580      0.02888
        7.08000000         138.82864482          68.50160764          66.31748643      0.02888
        7.09000000         138.82864482          68.42130321          66.39829613      0.02888
        7.10000000         138.82864482          68.34105929          66.47904492      0.02887
        7.11000000         138.82864482          68.26087586          66.55973282      0.02887
        7.12000000         138.82864482          68.18075291          66.64035984      0.02887
        7.13000000         138.82864482          68.10069042          66.72092600      0.02886
        7.14000000         138.82864482          68.02068837          66.80143130      0.02886
        7.15000000         138.82864482          67.94074677          66.88187577      0.02886
        7.16000000         138.82864482          67.86086558          66.96225942      0.02885
        7.17000000         138.82864482          67.78104480          67.04258225      0.02885
        7.18000000         138.82864482          67.70128441          67.12284430      0.02885
        7.19000000         138.82864482          67.62158439          67.20304557      0.02884
        7.20000000         138.82864482          67.54194475          67.28318607      0.02884
        7.21000000         138.82864482          67.46236545          67.36326582      0.02883
        7.22000000         138.82864482          67.38284648          67.44328483      0.02883
        7.23000000         138.82864482          67.30338784          67.52324313      0.02883
        7.24000000         138.82864482          67.22398950          67.60314071      0.02882
        7.25000000         138.82864482          67.14465145          67.68297760      0.02882
        7.26000000         138.82864482          67.06537368          67.76275382      0.02882
        7.27000000         138.82864482          66.98615618          67.84246937      0.02881
        7.28000000         138.82864482          66.90699892          67.92212427      0.02881
        7.29000000         138.82864482          66.82790190          68.00171854      0.02881
        7.30000000         138.82864482          66.74886510          68.08125218      0.02880
        7.31000000         138.82864482          66.66988850          68.16072522      0.02880
        7.32000000         138.82864482          66.59097210          68.24013767      0.02879
        7.33000000         138.82864482          66.51211587          68.31948954      0.02879
        7.34000000         138.82864482          66.43331981          68.39878085      0.02879
        7.35000000         138.82864482          66.35458389          68.47801160      0.02878
        7.36000000         138.82864482          66.27590811          68.55718183      0.02878
        7.37000000         138.82864482          66.19729245          68.63629153      0.02878
        7.38000000         138.82864482          66.11873690          68.71534073      0.02877
        7.39000000         138.82864482          66.04024143          68.79432944      0.02877
        7.40000000         138.82864482          65.96180605          68.87325767      0.02877
        7.41000000         138.82864482          65.88343072          68.95212544      0.02876
        7.42000000         138.82864482          65.80511545          69.03093276      0.02876
        7.43000000         138.82864482          65.72686021          69.10967965      0.02876
        7.44000000         138.82864482          65.64866498          69.18836613      0.02875
        7.45000000         138.82864482          65.57052977          69.26699219      0.02875
        7.46000000         138.82864482          65.49245454          69.34555787      0.02875
        7.47000000         138.82864482          65.41443929          69.42406317      0.02874
        7.48000000         138.82864482          65.33648400          69.50250812      0.02874
        7.49000000         138.82864482          65.25858866          69.58089271      0.02873
        7.50000000         138.82864482          65.18075325          69.65921698      0.02873
        7.51000000         138.82864482          65.10297776          69.73748093      0.02873
        7.52000000         138.82864482          65.02526217          69.81568458      0.02872
        7.53000000         138.82864482          64.94760648          69.89382794      0.02872
        7.54000000         138.82864482          64.87001066          69.97191102      0.02872
        7.55000000         138.82864482          64.79247470          70.04993385      0.02871
        7.56000000         138.82864482          64.71499858          70.12789643      0.02871
        7.57000000         138.82864482          64.63758230          70.20579879      0.02871
        7.58000000         138.82864482          64.56022584          70.28364093      0.02870
        7.59000000         138.82864482          64.48292917          70.36142286      0.02870
        7.60000000         138.82864482          64.40569230          70.43914462      0.02870
        7.61000000         138.82864482          64.32851520          70.51680620      0.02869
        7.62000000         138.82864482          64.25139786          70.59440763      0.02869
        7.63000000         138.82864482          64.17434027          70.67194891      0.02869
        7.64000000         138.82864482          64.09734240          70.74943007      0.02868
        7.65000000         138.82864482          64.02040425          70.82685111      0.02868
        7.66000000         138.82864482          63.94352580          70.90421205      0.02867
        7.67000000         138.82864482          63.86670704          70.98151292      0.02867
        7.68000000         138.82864482          63.78994795          71.05875371      0.02867
        7.69000000         138.82864482          63.71324852          71.13593445      0.02866
        7.70000000         138.82864482          63.63660874          71.21305515      0.02866
        7.71000000         138.82864482          63.56002858          71.29011582      0.02866
        7.72000000         138.82864482          63.48350803          71.36711649      0.02865
        7.73000000         138.82864482          63.40704709          71.44405716      0.02865
        7.74000000         138.82864482          63.33064573          71.52093784      0.02865
        7.75000000         138.82864482          63.25430394          71.59775856      0.02864
        7.76000000         138.82864482          63.17802171          71.67451933      0.02864
        7.77000000         138.82864482          63.10179901          71.75122017      0.02864
        7.78000000         138.82864482          63.02563585          71.82786108      0.02863
        7.79000000         138.82864482          62.94953219          71.90444208      0.02863
        7.80000000         138.82864482          62.87348804          71.98096319      0.02863
        7.81000000         138.82864482          62.79750337          72.05742442      0.02862
        7.82000000         138.82864482          62.72157816          72.13382579      0.02862
        7.83000000         138.82864482          62.64571241          72.21016731      0.02862
        7.84000000         138.82864482          62.56990610          72.28644900      0.02861
        7.85000000         138.82864482          62.49415921          72.36267087      0.02861
        7.86000000         138.82864482          62.41847174          72.43883293      0.02861
        7.87000000         138.82864482          62.34284365          72.51493520      0.02860
        7.88000000         138.82864482          62.26727495          72.59097770      0.02860
        7.89000000         138.82864482          62.19176562          72.66696044      0.02860
        7.90000000         138.82864482          62.11631563          72.74288343      0.02859
        7.91000000         138.82864482          62.04092498          72.81874669      0.02859
        7.92000000         138.82864482          61.96559366          72.89455024      0.02859
        7.93000000         138.82864482          61.89032164          72.97029408      0.02858
        7.94000000         138.82864482          61.81510891          73.04597824      0.02858
        7.95000000         138.82864482          61.73995547          73.12160273      0.02858
        7.96000000         138.82864482          61.66486128          73.19716755      0.02857
        7.97000000         138.82864482          61.58982634          73.27267274      0.02857
        7.98000000         138.82864482          61.51485064          73.34811830      0.02857
        7.99000000         138.82864482          61.43993416          73.42350425      0.02856
        8.00000000         138.82864482          61.36507688          73.49883060      0.02856
        8.01000000         138.82864482          61.29027879          73.57409737      0.02856
        8.02000000         138.82864482          61.21553987          73.64930457      0.02855
        8.03000000         138.82864482          61.14086012          73.72445222      0.02855
        8.04000000         138.82864482          61.06623951          73.79954032      0.02855
        8.05000000         138.82864482          60.99167803          73.87456891      0.02854
        8.06000000         138.82864482          60.91717567          73.94953799      0.02854
        8.07000000         138.82864482          60.84273241          74.02444757      0.02853
        8.08000000         138.82864482          60.76834823          74.09929768      0.02853
        8.09000000         138.82864482          60.69402313          74.17408832      0.02853
        8.10000000         138.82864482          60.61975708          74.24881951      0.02852
        8.11000000         138.82864482          60.54555008          74.32349127      0.02852
        8.12000000         138.82864482          60.47140210          74.39810360      0.02852
        8.13000000         138.82864482          60.39731314          74.47265654      0.02851
        8.14000000         138.82864482          60.32328317          74.54715008      0.02851
        8.15000000         138.82864482          60.24931219          74.62158425      0.02851
        8.16000000         138.82864482          60.17540017          74.69595906      0.02850
        8.17000000         138.82864482          60.10154711          74.77027453      0.02850
        8.18000000         138.82864482          60.02775298          74.84453067      0.02850
        8.19000000         138.82864482          59.95401778          74.91872749      0.02849
        8.20000000         138.82864482          59.88034149          74.99286501      0.02849
        8.21000000         138.82864482          59.80672409          75.06694325      0.02849
        8.22000000         138.82864482          59.73316557          75.14096221      0.02848
        8.23000000         138.82864482          59.65966592          75.21492193      0.02848
        8.24000000         138.82864482          59.58622511          75.28882240      0.02848
        8.25000000         138.82864482          59.51284314          75.36266365      0.02847
        8.26000000         138.82864482          59.43951999          75.43644568      0.02847
        8.27000000         138.82864482          59.36625564          75.51016853      0.02847
        8.28000000         138.82864482          59.29305008          75.58383219      0.02847
        8.29000000         138.82864482          59.21990330          75.65743668      0.02846
        8.30000000         138.82864482          59.14681528          75.73098203      0.02846
        8.31000000         138.82864482          59.07378600          75.80446824      0.02846
        8.32000000         138.82864482          59.00081545          75.87789534      0.02845
        8.33000000         138.82864482          58.92790362          75.95126332      0.02845
        8.34000000         138.82864482          58.85505049          76.02457222      0.02845
        8.35000000         138.82864482          58.78225604          76.09782204      0.02844
        8.36000000         138.82864482          58.70952026          76.17101281      0.02844
        8.37000000         138.82864482          58.63684314          76.24414453      0.02844
        8.38000000         138.82864482          58.56422466          76.31721721      0.02843
        8.39000000         138.82864482          58.49166481          76.39023089      0.02843
        8.40000000         138.82864482          58.41916356          76.46318556      0.02843
        8.41000000         138.82864482          58.34672092          76.53608125      0.02842
        8.42000000         138.82864482          58.27433685          76.60891797      0.02842
        8.43000000         138.82864482          58.20201134          76.68169574      0.02842
        8.44000000         138.82864482          58.12974439          76.75441457      0.02841
        8.45000000         138.82864482          58.05753598          76.82707447      0.02841
        8.46000000         138.82864482          57.98538608          76.89967546      0.02841
        8.47000000         138.82864482          57.91329469          76.97221757      0.02840
        8.48000000         138.82864482          57.84126179          77.04470079      0.02840
        8.49000000         138.82864482          57.76928737          77.11712515      0.02840
        8.50000000         138.82864482          57.69737140          77.18949065      0.02839
        8.51000000         138.82864482          57.62551389          77.26179733      0.02839
        8.52000000         138.82864482          57.55371480          77.33404519      0.02839
        8.53000000         138.82864482          57.48197413          77.40623424      0.02838
        8.54000000         138.82864482          57.41029186          77.47836451      0.02838
        8.55000000         138.82864482          57.33866797          77.55043601      0.02838
        8.56000000         138.82864482          57.26710245          77.62244875      0.02837
        8.57000000         138.82864482          57.19559529          77.69440274      0.02837
        8.58000000         138.82864482          57.12414647          77.76629801      0.02837
        8.59000000         138.82864482          57.05275597          77.83813457      0.02836
        8.60000000         138.82864482          56.98142379          77.90991243      0.02836
        8.61000000         138.82864482          56.91014990          77.98163160      0.02836
        8.62000000         138.82864482          56.83893428          78.05329212      0.02835
        8.63000000         138.82864482          56.76777694          78.12489398      0.02835
        8.64000000         138.82864482          56.69667784          78.19643720      0.02835
        8.65000000         138.82864482          56.62563697          78.26792181      0.02834
        8.66000000         138.82864482          56.55465433          78.33934781      0.02834
        8.67000000         138.82864482          56.48372989          78.41071522      0.02834
        8.68000000         138.82864482          56.41286364          78.48202405      0.02834
        8.69000000         138.82864482          56.34205556          78.55327433      0.02833
        8.70000000         138.82864482          56.27130564          78.62446606      0.02833
        8.71000000         138.82864482          56.20061386          78.69559926      0.02833
        8.72000000         138.82864482          56.12998021          78.76667395      0.02832
        8.73000000         138.82864482          56.05940468          78.83769014      0.02832
        8.74000000         138.82864482          55.98888724          78.90864785      0.02832
        8.75000000         138.82864482          55.91842788          78.97954709      0.02831
        8.76000000         138.82864482          55.84802659          79.05038788      0.02831
        8.77000000         138.82864482          55.77768336          79.12117023      0.02831
        8.78000000         138.82864482          55.70739816          79.19189415      0.02830
        8.79000000         138.82864482          55.63717098          79.26255968      0.02830
        8.80000000         138.82864482          55.56700181          79.33316681      0.02830
        8.81000000         138.82864482          55.49689063          79.40371556      0.02829
        8.82000000         138.82864482          55.42683742          79.47420596      0.02829
        8.83000000         138.82864482          55.35684218          79.54463801      0.02829
        8.84000000         138.82864482          55.28690488          79.61501173      0.02828
        8.85000000         138.82864482          55.21702551          79.68532714      0.02828
        8.86000000         138.82864482          55.14720406          79.75558424      0.02828
        8.87000000         138.82864482          55.07744050          79.82578307      0.02828
        8.88000000         138.82864482          55.00773483          79.89592362      0.02827
        8.89000000         138.82864482          54.93808703          79.96600593      0.02827
        8.90000000         138.82864482          54.86849708          80.03602999      0.02827
        8.91000000         138.82864482          54.79896498          80.10599584      0.02826
        8.92000000         138.82864482          54.72949069          80.17590348      0.02826
        8.93000000         138.82864482          54.66007421          80.24575292      0.02826
        8.94000000         138.82864482          54.59071552          80.31554420      0.02825
        8.95000000         138.82864482          54.52141462          80.38527731      0.02825
        8.96000000         138.82864482          54.45217147          80.45495227      0.02825
        8.97000000         138.82864482          54.38298607          80.52456911      0.02824
        8.98000000         138.82864482          54.31385840          80.59412784      0.02824
        8.99000000         138.82864482          54.24478844          80.66362846      0.02824
        9.00000000         138.82864482          54.17577619          80.73307101      0.02823
        9.01000000         138.82864482          54.10682162          80.80245548      0.02823
        9.02000000         138.82864482          54.03792472          80.87178191      0.02823
        9.03000000         138.82864482          53.96908547          80.94105030      0.02823
        9.04000000         138.82864482          53.90030386          81.01026066      0.02822
        9.05000000         138.82864482          53.83157988          81.07941303      0.02822
        9.06000000         138.82864482          53.76291350          81.14850740      0.02822
        9.07000000         138.82864482          53.69430472          81.21754380      0.02821
        9.08000000         138.82864482          53.62575351          81.28652224      0.02821
        9.09000000         138.82864482          53.55725987          81.35544274      0.02821
        9.10000000         138.82864482          53.48882377          81.42430531      0.02820
        9.11000000         138.82864482          53.42044520          81.49310997      0.02820
        9.12000000         138.82864482          53.35212414          81.56185673      0.02820
        9.13000000         138.82864482          53.28386059          81.63054561      0.02819
        9.14000000         138.82864482          53.21565452          81.69917663      0.02819
        9.15000000         138.82864482          53.14750592          81.76774979      0.02819
        9.16000000         138.82864482          53.07941477          81.83626513      0.02819
        9.17000000         138.82864482          53.01138106          81.90472264      0.02818
        9.18000000         138.82864482          52.94340477          81.97312235      0.02818
        9.19000000         138.82864482          52.87548588          82.04146428      0.02818
        9.20000000         138.82864482          52.80762439          82.10974843      0.02817
        9.21000000         138.82864482          52.73982028          82.17797483      0.02817
        9.22000000         138.82864482          52.67207352          82.24614349      0.02817
        9.23000000         138.82864482          52.60438411          82.31425442      0.02816
        9.24000000         138.82864482          52.53675203          82.38230765      0.02816
        9.25000000         138.82864482          52.46917726          82.45030318      0.02816
        9.26000000         138.82864482          52.40165979          82.51824103      0.02816
        9.27000000         138.82864482          52.33419960          82.58612123      0.02815
        9.28000000         138.82864482          52.26679668          82.65394377      0.02815
        9.29000000         138.82864482          52.19945101          82.72170869      0.02815
        9.30000000         138.82864482          52.13216258          82.78941599      0.02814
        9.31000000         138.82864482          52.06493136          82.85706569      0.02814
        9.32000000         138.82864482          51.99775735          82.92465781      0.02814
        9.33000000         138.82864482          51.93064053          82.99219236      0.02813
        9.34000000         138.82864482          51.86358088          83.05966936      0.02813
        9.35000000         138.82864482          51.79657839          83.12708883      0.02813
        9.36000000         138.82864482          51.72963304          83.19445077      0.02813
        9.37000000         138.82864482          51.66274481          83.26175521      0.02812
        9.38000000         138.82864482          51.59591370          83.32900216      0.02812
        9.39000000         138.82864482          51.52913968          83.39619164      0.02812
        9.40000000         138.82864482          51.46242274          83.46332366      0.02811
        9.41000000         138.82864482          51.39576286          83.53039824      0.02811
        9.42000000         138.82864482          51.32916004          83.59741539      0.02811
        9.43000000         138.82864482          51.26261424          83.66437513      0.02810
        9.44000000         138.82864482          51.19612546          83.73127748      0.02810
        9.45000000         138.82864482          51.12969368          83.79812245      0.02810
        9.46000000         138.82864482          51.06331889          83.86491006      0.02810
        9.47000000         138.82864482          50.99700106          83.93164033      0.02809
        9.48000000         138.82864482          50.93074019          83.99831326      0.02809
        9.49000000         138.82864482          50.86453625          84.06492888      0.02809
        9.50000000         138.82864482          50.79838924          84.13148719      0.02808
        9.51000000         138.82864482          50.73229914          84.19798823      0.02808
        9.52000000         138.82864482          50.66626592          84.26443200      0.02808
        9.53000000         138.82864482          50.60028958          84.33081851      0.02807
        9.54000000         138.82864482          50.53437010          84.39714780      0.02807
        9.55000000         138.82864482          50.46850746          84.46341986      0.02807
        9.56000000         138.82864482          50.40270165          84.52963472      0.02807
        9.57000000         138.82864482          50.33695265          84.59579239      0.02806
        9.58000000         138.82864482          50.27126045          84.66189289      0.02806
        9.59000000         138.82864482          50.20562502          84.72793623      0.02806
        9.60000000         138.82864482          50.14004636          84.79392243      0.02805
        9.61000000         138.82864482          50.07452445          84.85985151      0.02805
        9.62000000         138.82864482          50.00905927          84.92572349      0.02805
        9.63000000         138.82864482          49.94365081          84.99153836      0.02805
        9.64000000         138.82864482          49.87829904          85.05729617      0.02804
        9.65000000         138.82864482          49.81300397          85.12299691      0.02804
        9.66000000         138.82864482          49.74776556          85.18864061      0.02804
        9.67000000         138.82864482          49.68258380          85.25422728      0.02803
        9.68000000         138.82864482          49.61745868          85.31975694      0.02803
        9.69000000         138.82864482          49.55239019          85.38522961      0.02803
        9.70000000         138.82864482          49.48737830          85.45064529      0.02802
        9.71000000         138.82864482          49.42242299          85.51600401      0.02802
        9.72000000         138.82864482          49.35752427          85.58130578      0.02802
        9.73000000         138.82864482          49.29268209          85.64655062      0.02802
        9.74000000         138.82864482          49.22789647          85.71173854      0.02801
        9.75000000         138.82864482          49.16316736          85.77686957      0.02801
        9.76000000         138.82864482          49.09849477          85.84194371      0.02801
        9.77000000         138.82864482          49.03387867          85.90696098      0.02800
        9.78000000         138.82864482          48.96931905          85.97192140      0.02800
        9.79000000         138.82864482          48.90481589          86.03682499      0.02800
        9.80000000         138.82864482          48.84036917          86.10167175      0.02800
        9.81000000         138.82864482          48.77597889          86.16646171      0.02799
        9.82000000         138.82864482          48.71164502          86.23119489      0.02799
        9.83000000         138.82864482          48.64736754          86.29587129      0.02799
        9.84000000         138.82864482          48.58314645          86.36049094      0.02798
        9.85000000         138.82864482          48.51898173          86.42505385      0.02798
        9.86000000         138.82864482          48.45487335          86.48956004      0.02798
        9.87000000         138.82864482          48.39082131          86.55400952      0.02798
        9.88000000         138.82864482          48.32682559          86.61840232      0.02797
        9.89000000         138.82864482          48.26288616          86.68273843      0.02797
        9.90000000         138.82864482          48.19900303          86.74701789      0.02797
        9.91000000         138.82864482          48.13517616          86.81124071      0.02796
        9.92000000         138.82864482          48.07140555          86.87540690      0.02796
        9.93000000         138.82864482          48.00769117          86.93951648      0.02796
        9.94000000         138.82864482          47.94403301          87.00356947      0.02796
        9.95000000         138.82864482          47.88043106          87.06756589      0.02795
        9.96000000         138.82864482          47.81688530          87.13150574      0.02795
        9.97000000         138.82864482          47.75339571          87.19538905      0.02795
        9.98000000         138.82864482          47.68996228          87.25921583      0.02794
        9.99000000         138.82864482          47.62658499          87.32298609      0.02794
       10.00000000         138.82864482          47.56326383          87.38669986      0.02794
       10.01000000         138.82864482          47.49999877          87.45035716      0.02794
